average
0 2690 2570 651 2447 1174 2966 1049 1695 2089 1325 2351 3000 954 317 347 1373 738 2937
waiting
0
time
0 1411 2310 2567 776 1033 11 907 1808 914 2842 2460 1183 1828 1573 2170 2212 169 170 46 2935 568 1848 956 317 2364 1985 451 1094 1351 1607 1991 1226 2504 2505 1741 974 2761 1489 468 1111 986 219 2525 479 2274 2659 2915 358 615 2790 2409 2156 365 1648 243 756 245 1140 1908 505 1530
matrix
1 899 1159 2185 2953 2955 784 529 2576 1430 1052 29 2463 2975 419 1320 1832 1205 54 439 1977 444 190 1214 2753 2558 584 74 2891 1229 2769 980 2005 2260 602 346 861 1885 2653 2530 1507 1763 102 1641 1770 621 1775 117 2296 1406
block
1
sum
1 2568 1034 2576 529 533 1558 2076 2589 2079 545 34 2082 2596 2597 43 556 2092 558 49 2609 1587 2100 2610 1592 575 2623 2116 1606 71 77 1103 592 1105 2642 2134 601 90 2654 95 2144 2660 617 1129 2154 2155 621 1645 1138 1656 2169 1658 1147 2681 638 1151 642 1667 2178 2693 1159 1676 2189 142 1171 1685 150 1686 2198 2201 666 160 2211 2723 2213 2724 2215 2726 2729 1709 686 2226 183 1214 196 714 1738 2250 2764 2766 209 210 722 1746 1753 1754 220 222 734 740 1767 2281 2793 750 2286 2800 1266 2292 2299 2812 2820 779 268 2827 2319 2320 785 277 1311 289 1825 803 1833 816 819 820 2872 313 1852 829 320 322 329 842 1354 1358 1870 1361 1364 1882 2911 352 2914 2916 358 1896 1897 362 363 1903 1393 2419 888 381 2430 1413 1414 2440 393 401 2962 919 1943 1944 922 2458 928 2471 429 943 945 435 952 2489 444 445 957 1987 452 2499 1992 2506 459 2507 2509 976 977 2512 2006 2007 2013 2021 2024 2040 2042 508
number
2 5 2054 2056 9 12 2064 2077 2084 39 2088 2093 2098 2103 2104 63 64 69 2117 72 2123 84 88 91 93 2142 2146 107 2177 145 151 154 2217 2218 176 188 2242 197 2245 199 2248 2250 2251 2252 2253 2256 213 2261 2264 2268 2269 222 223 224 2273 226 228 2277 232 2283 2285 2289 252 253 2308 2309 2322 276 280 282 2331 2333 287 290 304 2354 2356 2359 2360 314 316 325 2373 2375 329 2377 331 332 341 2389 2395 2397 2403 356 360 361 2408 2410 366 370 2420 376 2428 382 2436 2441 397 409 2460 2464 420 425 2475 428 434 2486 2495 2496 2498 2518 471 2520 473 2521 477 2527 486 2537 2540 493 495 2545 498 502 2552 512 514 2565 2581 2583 2584 540 2588 543 2591 2600 556 560 2617 2626 583 591 595 2643 597 598 2647 2649 2650 604 605 609 2658 613 2666 2673 629 633 2681 640 2696 659 2715 2716 678 2726 684 689 694 2742 698 2757 2763 2765 720 723 2776 736 2787 743 748 2805 759 762 2810 769 2829 785 786 2833 792 794 800 801 2853 809 2864 823 2871 825 827 830 832 836 2885 840 2891 850 2901 2903 2906 859 864 2920 2922 2925 2928 894 2952 909 910 911 2957 915 2967 2971 930 2982 2984 951 2999 953 3005 3010 965 976 989 990 994 1011 1030 1036 1037 1047 1048 1054 1063 1068 1073 1074 1075 1081 1085 1093 1113 1125 1127 1128 1139 1141 1142 1143 1147 1148 1150 1160 1174 1184 1188 1196 1201 1204 1209 1225 1227 1234 1240 1250 1254 1266 1277 1280 1287 1297 1303 1321 1326 1339 1349 1366 1381 1388 1421 1427 1435 1441 1447 1458 1470 1471 1472 1474 1475 1477 1484 1499 1501 1508 1515 1519 1530 1533 1545 1548 1577 1581 1594 1596 1597 1599 1604 1612 1615 1618 1622 1626 1639 1677 1685 1689 1692 1706 1722 1736 1739 1750 1756 1764 1771 1772 1781 1785 1804 1805 1816 1822 1831 1839 1840 1846 1856 1857 1864 1874 1886 1892 1898 1900 1912 1918 1938 1953 1957 1967 1972 1975 1982 1997 2002 2003 2006 2015 2016 2023 2027 2029
of
2 2052 5 2054 2055 2056 9 2062 15 16 2068 2070 2071 25 2077 30 2080 2084 39 44 2093 2096 49 50 2098 2099 2100 54 2101 2103 61 63 64 2116 69 2117 71 72 2119 75 2123 77 2128 88 90 91 92 93 2138 2142 2143 2144 2145 2146 2147 104 106 108 115 116 118 122 2170 2177 132 2186 142 143 2191 145 2192 2197 150 151 2198 2201 154 160 163 164 2213 2214 2218 175 2225 178 181 183 188 2236 2238 2240 2242 196 197 2245 199 2248 2249 202 2250 2251 2252 2253 210 2260 2261 215 216 2264 2265 2267 2268 2269 222 224 225 226 2273 228 2275 2277 232 2285 2286 2289 2292 2299 252 253 2301 259 2308 2309 267 268 270 2322 276 2325 278 280 282 2331 2333 287 290 2341 294 2346 301 2349 2351 304 2354 2356 310 2358 2359 313 315 316 317 319 320 321 322 2368 2370 325 2373 2375 2377 331 332 2380 2384 341 2389 343 347 2395 2397 352 2403 356 2405 360 361 362 2408 366 2414 370 371 2418 2419 2423 376 2426 2428 2431 391 392 2441 395 397 2449 402 2451 409 411 2459 2460 414 2461 2464 420 425 426 2475 428 429 434 435 2485 2486 2490 2493 2495 2496 2501 455 2509 463 2511 2512 2513 468 2518 2520 2523 2524 477 2526 2527 486 2537 2538 493 495 2545 498 2547 2548 502 2552 2554 2555 508 511 512 2560 514 2565 519 526 2574 2578 533 2581 2583 2584 540 2588 2590 543 2591 2600 555 556 2607 560 2617 2619 2622 575 2623 2626 583 2633 588 589 590 591 2642 595 2643 597 598 2647 601 2649 2650 2652 605 606 609 2658 613 614 615 2666 624 2673 633 2681 2683 2689 642 2691 650 653 654 659 2710 666 2715 2716 2721 675 2723 2724 678 2726 2729 682 684 2732 687 689 2741 2742 698 2746 701 708 2757 710 712 714 715 2763 2764 2765 2766 720 722 723 2770 2773 2778 736 2786 2787 2793 746 747 748 2798 757 758 759 2805 762 2810 2812 768 769 2820 2828 781 2829 783 785 786 2833 2834 2837 2838 2847 800 801 2848 2851 804 2853 2859 816 817 820 822 823 2871 825 2872 827 829 832 2880 836 2885 839 2891 2892 852 853 854 2901 2902 2903 2906 859 2907 864 2914 2915 2916 2920 873 877 2925 880 885 2933 2937 893 894 2951 2957 910 911 2960 2962 915 919 2967 927 928 929 930 2975 932 2981 2982 2984 2985 2986 939 941 943 945 2993 947 951 952 2999 954 3004 3005 3010 965 970 976 977 982 984 989 990 993 994 1002 1004 1007 1013 1015 1022 1024 1030 1034 1036 1037 1047 1048 1054 1063 1068 1073 1074 1075 1079 1081 1084 1085 1101 1103 1105 1108 1113 1122 1124 1127 1128 1130 1137 1138 1141 1143 1147 1148 1150 1158 1159 1174 1182 1184 1187 1188 1189 1192 1195 1204 1209 1214 1219 1225 1227 1234 1240 1250 1251 1254 1257 1266 1269 1271 1274 1277 1280 1287 1291 1297 1298 1303 1304 1305 1306 1319 1320 1321 1325 1326 1330 1336 1337 1339 1356 1360 1364 1372 1382 1389 1393 1408 1413 1421 1427 1435 1441 1448 1455 1458 1465 1470 1471 1474 1475 1477 1484 1487 1490 1492 1495 1496 1501 1502 1508 1519 1530 1533 1537 1545 1547 1548 1557 1577 1579 1581 1587 1594 1596 1605 1606 1607 1608 1612 1613 1615 1622 1651 1658 1659 1660 1664 1677 1685 1691 1692 1694 1706 1716 1721 1722 1723 1725 1729 1733 1736 1738 1739 1742 1748 1750 1753 1755 1756 1759 1760 1764 1767 1771 1774 1778 1781 1785 1787 1792 1816 1825 1831 1839 1840 1856 1858 1864 1865 1870 1873 1874 1878 1886 1892 1900 1902 1903 1905 1906 1912 1915 1918 1919 1929 1943 1952 1957 1966 1967 1971 1972 1973 1980 1982 1987 1993 1997 1998 2001 2003 2004 2006 2007 2008 2011 2013 2015 2016 2018 2020 2021 2022 2027 2029 2035 2042
valid
2 515 1031 1544 1800 778 2444 527 655 1039 2709 2071 1560 665 153 1182 2593 2979 2854 2728 51 1333 1719 58 2492 447 1220 326 203 1101 2895 1745 472 218 1499 93 861 1629 864 1376 1250 99 1888 1639 361 1900 2668 1647 503 2554 125
clock
2 2951
times
2 2598 2599 1128 2633 1679 1199 2388 2647
minimum
3 515 6 9 1545 11 1036 1037 2058 2580 534 1047 1558 538 35 1060 2085 1068 2093 2606 1072 2612 2614 568 1081 570 2105 60 1598 63 1087 1599 579 580 69 581 1607 2116 2120 2635 85 598 1109 1622 2134 1627 1628 605 96 609 2667 1133 1135 1648 1139 2163 2164 1657 2681 1659 2173 126 2695 137 1161 1162 1163 2698 654 1166 1168 2706 2195 2198 671 160 1183 1695 2211 2212 680 169 170 681 1708 1197 2728 1203 2229 2741 1719 2231 2742 698 1728 2756 1221 2245 2757 2759 202 1226 2763 205 1745 724 1239 2264 2268 2783 2272 2784 738 1250 2274 229 2275 2281 746 2794 236 1260 1774 2796 2800 754 1778 2802 1781 246 2807 1273 2298 2299 2810 1277 254 2301 256 257 2305 1796 775 776 1287 1800 779 1803 2313 2317 2832 2833 276 2837 792 2842 798 287 800 1825 2848 805 294 2353 2354 1844 1333 823 1848 2871 1852 829 2364 319 1855 1857 2881 1347 327 1351 330 843 332 2891 1358 2387 341 1367 1881 860 2398 1888 1377 2400 2402 2915 869 358 1381 1386 365 2930 376 892 1917 2940 1408 1920 2435 1926 2441 1931 2956 911 401 2962 1944 2460 1950 418 1955 420 1957 1958 423 425 937 943 2993 950 443 956 3004 1471 1985 452 1989 1991 2504 2505 459 1483 973 974 976 981 2006 474 475 986 987 1500 479 1501 993 2525 2527 1508 998 488 2541 1007 497 498 1013 1015 1016 505 2554
changes
3 1221 598
to
3 9 2058 11 2061 2075 31 2083 2085 39 2093 56 2104 63 2115 69 71 2120 2123 77 80 2134 2136 2142 96 2151 2156 2161 2163 2164 121 138 2200 154 2205 2212 167 169 170 171 2217 173 174 2224 2225 2231 2239 197 2245 202 2258 2264 219 2268 222 2272 2274 2275 236 2287 254 256 2304 2313 266 2317 276 2331 287 291 294 298 300 2348 2351 2353 2354 308 313 2365 2368 2374 329 2387 341 2392 2395 2398 2400 358 365 2416 2420 376 2427 2428 390 391 2441 401 2460 418 420 423 425 2478 2482 2489 443 449 2504 460 468 2517 472 474 475 2522 2525 479 2527 485 486 488 2537 493 2541 496 497 505 2556 515 2567 532 2580 534 535 2584 538 540 560 2614 567 568 569 570 2623 2626 579 580 585 2635 2639 597 598 2645 2651 609 2657 2658 2660 2661 616 2667 2669 643 2694 2695 661 671 2724 680 2728 2732 2742 698 699 2747 702 2756 711 714 723 724 734 2784 2790 2796 754 2802 756 2806 2807 2809 770 776 779 2832 789 792 793 2842 800 805 812 2871 2874 2884 2891 2903 857 2905 2906 2909 2915 869 2930 2934 2937 892 2940 898 914 921 922 2982 937 950 959 3010 971 973 974 981 986 987 998 1000 1008 1012 1015 1016 1023 1025 1036 1037 1047 1054 1060 1068 1081 1087 1109 1111 1113 1133 1137 1139 1140 1147 1152 1161 1166 1174 1183 1188 1203 1204 1221 1224 1225 1226 1239 1240 1250 1255 1262 1277 1287 1290 1293 1297 1308 1326 1331 1338 1339 1351 1352 1366 1377 1381 1386 1404 1408 1411 1416 1421 1428 1458 1465 1474 1476 1489 1501 1508 1520 1522 1531 1533 1542 1545 1548 1558 1562 1565 1566 1573 1575 1577 1578 1598 1599 1606 1607 1622 1623 1627 1628 1636 1648 1657 1669 1677 1692 1711 1719 1728 1744 1745 1749 1783 1800 1808 1812 1828 1829 1831 1836 1839 1842 1844 1848 1854 1855 1874 1875 1888 1907 1920 1923 1936 1958 1965 1985 1989 1991 1992 2007 2014 2023 2040
make
3 515 2580 2584 2075 1060 2092 2093 1071 55 576 580 598 1622 2136 1628 609 1636 643 1669 2694 2695 1166 2192 1172 671 2724 680 2728 2742 1719 1728 2756 1221 1223 202 2251 1745 724 1749 2264 2268 2272 2784 2796 1262 752 2807 254 1287 1800 276 2327 792 287 800 1315 812 1842 1331 308 1351 1352 1875 2392 2398 1888 357 358 869 2934 1400 376 2427 1920 391 1416 2441 1949 2466 420 425 937 1965 2478 1976 1465 442 959 1984 449 3009 973 981 474 987 2522 1501 998 999 2541 497 502 1016 1023
alternating
545 3 838 2506 2093 2801 981 1142 888 287
binary
2562 3 2055 2567 2569 1038 16 2577 1042 2070 541 1055 2080 1059 1571 555 1580 2093 2611 2623 2627 2118 74 1614 1615 2639 2132 598 2647 2652 1121 1637 106 2159 1649 1142 635 2175 648 650 1678 2192 1170 2196 149 1181 158 167 683 175 178 2738 2228 702 2239 2241 195 708 713 2769 2258 1235 725 734 1763 1765 1257 2794 2300 1277 1794 259 1290 267 271 2831 2323 1306 2333 287 288 2338 2340 1317 1832 1833 2857 1334 312 2367 323 1860 2891 2381 2383 1360 857 2396 1374 873 1897 1902 1905 882 2420 1398 378 380 2428 2940 2432 2434 2946 1924 1933 2445 1938 404 1429 1941 414 426 427 428 1453 1966 945 2482 947 954 957 2499 453 467 468 2515 472 1497 475 2523 991 1504 2542 1007 1520
string
2048 3 1539 2563 519 2567 1038 1561 2074 539 2075 2593 1059 1572 2083 38 39 2085 1577 1578 2093 560 53 1594 2619 2113 586 1610 1106 598 1622 1623 2647 1629 610 100 2148 106 2668 1136 1649 2162 115 119 2168 1663 2181 1158 2697 140 653 142 1166 2702 1172 2711 1177 1690 2721 163 164 675 676 167 2729 1711 179 2228 181 694 1212 192 1216 1217 707 2244 1223 204 1228 2768 1745 2770 724 2279 745 234 1259 236 2798 751 1270 769 259 2309 267 269 2329 287 800 1312 802 2855 1835 300 301 812 1327 2348 2860 1842 2359 319 1344 2367 2370 2884 2886 1869 2909 2910 1376 1377 2921 1389 882 1909 2422 1400 2424 1403 2439 2952 1931 396 2956 2446 2958 1424 412 933 423 1962 2474 1967 2992 1972 2997 2490 959 960 2497 3009 1490 2002 2517 472 2011 478 2532 2533 486 999 492 1517 497 511
most
259 4 775 2184 917 1687 1303 411 1832 2473 1451 2220 2991 1086 1727 194 1861 70 1994 1100 2254 463 2514 2942 473 358 2280 1129 2543 2293 119 1278
popular
4
video
1795 4 2839
creator
4
the
5 2055 9 10 2062 19 21 2072 29 2083 38 44 2093 2101 62 63 71 86 88 2136 2142 2145 98 102 104 2152 106 2158 2164 2165 2166 124 2177 131 138 146 2195 2197 2207 171 182 2230 2232 188 2236 2238 191 194 2248 203 2252 2253 2261 2269 222 2272 226 228 2277 231 232 234 241 2290 2293 2299 2301 254 2308 2325 2331 287 290 294 297 2349 2360 2365 321 325 330 337 2393 347 354 2403 359 368 2422 2426 382 391 2446 2449 402 2451 2454 413 2464 434 435 2492 2496 2501 2502 455 461 463 2513 2530 2540 2541 495 2543 2550 506 510 512 2563 519 526 538 2600 2622 575 579 593 594 2644 2646 602 2650 2658 613 2672 2681 2684 2691 645 2694 649 2701 658 659 2710 667 669 670 674 684 2732 693 2752 706 708 709 716 718 2770 726 728 733 744 748 2802 756 758 2809 762 766 768 2818 2820 2821 2823 776 2829 783 788 2841 800 801 804 2853 2868 827 829 830 2877 832 2878 839 2892 846 853 2916 2922 2925 881 885 892 893 897 2945 2950 903 904 907 927 940 2991 2995 952 3009 3011 965 970 981 992 1002 1012 1014 1051 1064 1073 1075 1096 1101 1103 1113 1114 1118 1119 1133 1141 1146 1158 1159 1163 1165 1180 1185 1194 1203 1244 1247 1266 1271 1278 1300 1304 1310 1320 1331 1332 1337 1339 1350 1354 1357 1362 1363 1392 1400 1404 1412 1416 1441 1463 1467 1475 1477 1490 1495 1496 1503 1527 1537 1542 1544 1548 1581 1599 1600 1604 1608 1630 1633 1652 1681 1695 1698 1706 1724 1733 1735 1739 1748 1751 1764 1771 1779 1787 1796 1801 1828 1894 1915 1919 1953 1957 1967 1970 1981 1982 2001 2003 2016 2018 2027 2037 2042 2045
smallest
2048 2816 1282 2945 2436 5 261 262 1032 1159 2697 2824 2952 526 143 17 2068 1430 1821 1949 2590 802 2083 1572 2852 1846 185 2174 571 2746 2621 1599 2496 1349 1735 2759 2509 1359 1618 2009 220 2399 610 100 228 2921 2283 1006 112 1136 2674 2929 1529 1914 1403 638
unoccupied
5
chair
5
score
1024 642 2692 645 6 1547 1936 2708 1565 1185 2852 293 806 1191 2980 2346 1835 559 2993 2868 2741 950 3005 321 708 965 1605 1862 1224 330 205 2385 1619 726 2650 2651 2524 487 2664 2155 1775 1907 118 2426
after
1664 2048 2049 2688 2437 6 775 2438 2693 1931 1548 2829 142 2448 2708 1687 2841 2714 2333 2845 1059 1574 1191 2214 1835 1837 2989 50 1330 948 826 1469 1214 447 319 2625 1474 1347 2116 2242 2753 2375 1865 842 2764 2509 2765 1743 976 2893 1492 85 2394 2267 860 2524 863 1890 487 2921 746 363 1515 1772 1390 111 1263 1775 1905 2929 629 2933 508
removals
1347 420 6 1865 363 2765
on
2307 6 775 1036 1550 275 2708 279 408 2847 674 1954 2084 2212 2483 1717 2997 951 1853 3011 2117 1606 968 2504 1996 2637 718 2130 611 2277 2792 2539 1900 892
a
6 2055 11 2062 16 19 30 2080 2083 2084 2085 39 42 49 2101 2104 74 75 2123 84 88 93 2152 106 115 118 140 143 2192 145 151 2210 163 164 2214 2221 181 2229 190 194 2254 211 2260 215 224 225 228 2279 2287 2288 244 245 2296 2299 252 2300 2303 258 2307 2309 267 272 279 280 2328 2348 301 303 2354 2360 2370 329 333 2381 336 2388 2389 343 2393 346 2396 2405 2407 362 369 2420 2428 388 392 395 404 414 419 2474 427 2490 443 2492 2495 2497 457 2516 472 2521 2522 477 2529 2531 485 488 495 2546 2554 506 511 2561 519 2567 2576 543 2593 548 551 2603 560 2609 2613 2617 2619 2625 2634 2635 2637 2643 2645 602 2651 2652 607 611 2675 2683 2695 654 655 2702 2708 2709 662 671 2721 675 681 2729 2734 687 2741 702 707 708 711 714 2768 2769 2770 723 2786 745 2794 747 2798 754 756 2810 2816 769 770 779 2830 784 2836 791 792 795 2847 2848 801 805 810 2860 817 824 829 2920 873 885 886 2933 892 2940 2943 2951 913 916 2968 926 2975 2977 2983 939 945 947 2997 3004 3007 982 993 1004 1012 1015 1031 1036 1037 1054 1055 1063 1084 1090 1099 1108 1119 1128 1137 1140 1158 1159 1161 1166 1172 1184 1195 1201 1205 1209 1212 1229 1232 1241 1248 1250 1257 1276 1277 1291 1305 1311 1312 1319 1320 1329 1333 1370 1384 1389 1399 1403 1406 1413 1424 1427 1429 1430 1449 1451 1458 1474 1476 1504 1515 1530 1537 1547 1552 1577 1578 1587 1593 1594 1596 1605 1617 1629 1650 1659 1662 1663 1677 1678 1685 1711 1719 1728 1734 1735 1742 1747 1748 1764 1793 1802 1816 1832 1835 1853 1856 1859 1865 1869 1872 1888 1897 1902 1909 1926 1928 1933 1934 1941 1954 1967 1972 1975 1977 1980 1991 1993 1999 2005 2015 2020
tree
2562 6 2055 2569 1038 16 2577 1042 2070 2072 1055 2080 2627 2118 585 2634 2636 1614 2639 1617 596 2651 2652 1634 2669 116 635 1662 137 1677 1678 655 2192 1170 2196 149 2708 1175 1181 158 672 683 175 178 2228 2237 702 2239 2241 195 713 2254 1235 725 734 1765 1255 1257 2794 747 2300 1277 1794 1798 1290 2831 2323 1306 2338 2340 1317 808 1833 2857 817 1334 312 323 1860 2381 2383 1360 849 2895 2902 857 2396 1374 873 1897 1902 2414 1905 1398 2423 378 380 2432 2434 2946 1926 1418 1933 2445 404 1429 1941 414 1952 426 427 1453 1966 2477 1456 945 2479 947 2482 438 954 3010 2499 1991 968 1482 1998 467 468 2515 472 1497 475 1500 2523 991 1504 2021 2542 1007 1520 2556
decode
98 7 8 1259 2316 1652 2202 1020
xored
2202 7
permutation
866 2179 2307 7 2344 1034 1037 78 240 1169 1106 1653 1720 958 2175
ways
8 1548 1677 2061 2316 1297 532 1562 154 1692 2331 1566 1054 543 2982 39 1831 1577 1326 1839 560 1204 313 1474 2626 197 80 1874 597 2522 2395 2906 2014 2142 2658 2537 2934 121
ii
1536 513 516 1029 8 522 1546 1039 16 1555 2069 2582 2586 2587 1052 2041 1569 34 1061 40 47 1583 2102 1597 69 2127 83 2644 1114 603 2650 605 1118 2142 1632 609 1123 1636 2147 2154 1643 2667 109 625 1650 2673 630 2167 2173 1151 1153 1668 2182 651 2699 2700 1679 658 1170 2198 2717 2725 1190 1707 2733 1198 1713 2227 1716 1205 2231 2743 1210 2750 704 1738 1744 723 2780 2781 1764 745 240 753 1780 2807 761 1279 2826 2329 283 1819 798 288 1317 299 305 2353 307 2869 1334 2369 840 1352 1867 1359 850 339 1365 854 1877 1881 1377 870 872 2410 2928 883 377 2434 2948 1414 1935 912 1944 2977 1443 430 431 1454 2992 1460 1461 1462 1982 2494 960 961 2495 964 1988 454 1478 1990 461 974 2000 1489 476 2016 994 491 2544 1521 1010 1525 1526 2038 505 1019 1532 509 2559
work
2280 9 595
sessions
9 1324
finish
1985 776 9 974 2930
tasks
9 2285 2930 534 568 1887
find
1026 1028 1029 518 519 1540 1544 10 2573 2574 15 1551 542 1567 32 2081 2042 2596 43 559 1586 52 2106 2107 2621 2622 575 1600 1096 2122 587 2636 2637 1103 92 2142 2655 1633 1634 2145 103 104 106 1137 626 2674 1141 2681 122 129 131 2691 1159 649 2186 2188 2704 1681 146 149 1180 669 2717 2207 2718 1704 1194 173 2232 185 705 706 1735 1231 2770 1748 726 218 1244 733 228 1253 1256 1773 1265 2809 2299 768 2310 1289 1801 2830 788 1300 2325 1303 1306 283 2331 285 798 1310 801 290 1320 2349 2862 1332 2358 2359 2875 828 318 830 2367 321 323 837 1350 329 2384 337 1363 1366 2394 347 861 2912 354 866 2914 1384 2922 368 1393 882 372 2422 2424 1915 2950 904 394 2446 2959 1424 2448 2449 2451 404 2967 1945 1946 1438 1950 2464 417 2977 1957 1448 427 2476 2990 2991 435 947 952 2489 1985 3010 1475 1481 970 461 974 1998 2513 1494 1495 985 1500 2524 481 2540 2030 2037 1529 506 2557 2046 2047
array
1024 1536 1538 1027 1540 2049 2053 1528 10 1036 2061 15 2063 23 1559 25 538 2040 1565 1568 1057 1060 1582 50 562 2100 2612 1078 1591 1598 2622 576 1600 2112 2624 580 1606 2631 1099 77 2125 79 80 1107 84 2645 2136 2655 99 2148 104 105 2154 2667 115 1143 1146 637 1664 129 642 131 1154 2689 134 2694 138 1165 2704 1169 1688 666 2202 2714 1694 2719 2724 168 1192 2221 174 691 2739 1721 1210 1724 1725 2236 2240 705 1219 708 2756 202 2764 2770 1238 2774 216 728 2264 1244 2268 1247 1760 2272 1252 741 2796 1773 1262 2802 2804 2295 1784 2807 2299 2301 1791 768 773 2313 2827 1292 1293 782 271 2319 1297 2320 1811 277 795 798 1826 2342 1322 2348 301 2862 815 2865 308 2358 2361 1338 315 1851 829 2879 321 322 834 1347 1864 2888 2378 1357 2893 337 1874 1363 2897 1881 2394 2398 1888 2914 2916 357 358 359 2416 1907 372 2422 2934 2937 385 1413 2950 2439 392 1416 1422 2448 401 2449 403 2451 2966 1943 408 1949 1950 417 2466 1955 420 2469 2471 1448 425 937 1449 1970 2482 2996 437 949 2491 2492 1469 2493 1984 449 2500 969 1993 461 973 1486 1487 465 1997 2511 981 1495 473 474 2522 2524 1501 482 483 2531 1509 488 2024 2537 1516 1005 2541 1525 1016 1023
concatenation
1568 10 555 1487 822 1533 478
value
2305 1026 2434 388 1028 2052 2824 10 1934 17 1558 1689 795 283 1310 2337 1915 294 1574 301 174 941 1325 2353 1330 1589 574 2496 2759 1481 2380 2509 2636 1999 2004 2517 1367 736 2400 1634 2147 996 2020 2542 1137 1779 1012 1403
visit
11 1714 253 2139 1565
cell
11 245
in
2049 11 12 13 15 2063 19 2069 25 30 53 54 2105 74 2126 84 93 2148 103 2153 2166 2174 2175 134 140 2192 2196 149 151 168 2218 172 2221 2238 191 2241 194 201 2254 211 2262 224 225 2283 2284 2288 2296 252 2309 264 271 2319 280 2328 285 2334 290 291 2340 297 2348 301 2361 2365 2369 323 331 2381 2383 336 337 338 2388 2389 343 346 348 2396 2403 2407 2415 368 372 2420 2422 2424 2425 380 2428 385 388 2439 392 2445 403 404 2452 2459 412 417 419 2470 2474 427 2487 2488 2499 457 461 2516 2517 2519 472 473 475 2532 485 499 2552 506 2558 2561 514 519 2576 539 551 2603 2613 2617 2621 2631 585 2634 587 2636 599 602 2651 2658 621 2675 636 637 654 655 2704 659 2709 666 2714 2719 675 681 2731 2734 2735 694 2744 707 2759 2760 720 721 2768 2772 2773 728 745 746 747 2794 2795 2803 2804 2810 766 2816 769 773 2824 2827 784 2836 2837 2842 795 798 2848 2849 810 811 2865 832 834 2893 2904 2916 2924 882 886 897 2947 2950 913 923 926 947 949 954 960 3010 967 979 983 993 996 1000 1005 1012 1027 1035 1065 1073 1084 1090 1091 1105 1106 1108 1119 1132 1165 1170 1202 1209 1229 1232 1244 1269 1292 1312 1329 1332 1333 1349 1355 1392 1413 1424 1427 1430 1439 1449 1451 1453 1476 1483 1486 1500 1504 1525 1540 1548 1561 1562 1580 1582 1594 1600 1610 1615 1617 1638 1650 1672 1682 1694 1696 1703 1705 1710 1719 1739 1760 1763 1773 1789 1791 1802 1832 1843 1859 1864 1869 1872 1873 1885 1897 1909 1919 1926 1933 1934 1941 1950 1954 1956 1970 1972 1977 1979 1989 1991 1997 2002 2003 2005 2011 2015 2016 2020 2021 2036 2047
grid
1802 11 1934 2579 2709 791 280 2459 1692 2972 671 2848 678 681 1719 1209 2617 2810 2752 1859 2120 201 2940 1232 1748 87 343 1241 347 224 2658 2153 2166 506 892 1534
count
512 2565 2054 12 2060 2575 528 1555 532 1562 1566 2079 2595 2600 554 1593 2107 2625 1090 1092 1617 88 2649 2141 1130 624 1650 630 2166 1658 1150 128 2177 130 134 1672 2699 655 1167 148 152 1689 2716 2209 2721 164 166 168 682 2730 1199 689 1714 2738 2740 1717 1207 2744 2242 2248 715 2252 721 722 2261 2773 1754 2267 1756 735 1764 230 231 232 1254 747 748 749 238 1263 1771 1776 1269 1785 762 765 2302 773 1296 275 1309 2847 1314 2853 2344 810 1326 303 1840 1329 2351 2868 310 2360 2361 827 1853 2879 2370 2883 1862 1872 1361 1876 2905 346 2397 1895 877 370 1394 2934 1402 1419 2444 2445 1434 923 413 415 1439 1440 1441 934 1446 936 1969 434 1973 1982 1482 2507 462 1486 2003 2007 1498 2014 2027 2539 494 1518 2036 1013 511
student
912 1681 12 2727
departments
2362 2570 12
greatest
355 996 2859 1996 13 979 1686 2358 188
english
2961 13 2806
letter
2209 2625 2657 13 2235 143 946 2643 2674 1308 2550 2011 892 958
upper
969 13
and
1028 2566 1543 1020 13 15 1552 2577 2583 26 542 544 2599 2100 2612 2615 2111 1088 2630 2129 2131 1111 1625 2656 1122 100 101 614 2151 1644 2156 2672 2686 1666 134 2699 2701 1174 1689 2206 1695 2718 675 2230 1207 1222 2759 718 725 1754 1761 739 2788 2790 1256 1774 2811 2820 785 1809 283 1820 797 2846 2335 1336 2361 322 2893 1358 2900 348 861 1374 863 353 2917 874 876 1393 1394 884 2933 1398 2424 377 1411 2438 2441 906 2444 914 2458 924 2976 1442 1957 1446 2982 936 1961 944 1973 2491 1475 1489 1500 477 1001 2550 507 2044
lower
840 2115 1011 13
case
2115 13 958
can
129 1921 131 1031 1419 2572 14 1940 917 282 1179 540 2718 2593 2849 1064 2475 1071 690 2483 2487 2617 442 2875 704 2497 1603 1223 458 1610 1617 595 226 994 356 2662 1641 1130 1899 2285 1519 881 502 2552 1918
place
3010 1548 1326 14 2331 2142
flowers
720 14
first
992 68 519 1225 1869 718 15 2238 2422 440 1626 1308 766 1983
last
2018 964 1989 1305 2760 1225 458 2365 2409 718 15 432 2324 2485 1113 2010 1851 61
position
1474 258 1544 1964 1133 1550 15 2845
element
2176 385 1409 1027 1668 2049 2816 399 15 1810 403 1811 2452 1430 2841 2977 1956 2221 1582 1199 2621 322 457 1738 1996 463 2942 84 1492 2136 1754 2013 863 618 1010 2164 2046 1791
sorted
129 385 643 1413 1159 392 15 2068 1430 1819 2461 798 1950 1057 548 2469 2730 2221 1582 2482 1210 2491 831 834 1352 1993 2639 2128 2767 1875 84 2260 1622 2392 857 346 2648 352 1636 741 2154 1262 1525 2813
lowest
2080 873 1257 1774 16 2778
common
2305 16 2449 2325 1307 1564 1440 2080 2465 2859 2220 52 2358 1340 828 2621 979 1750 2778 355 873 1257 1258 1914 251
ancestor
2080 2656 1257 873 16 817 2778
index
1600 2145 2619 1539 1028 519 1449 943 283 17 2417 1494 1113 2554 795
with
513 1028 517 1030 1543 523 2575 17 24 1049 541 32 1572 2596 40 554 43 556 2094 2609 1586 1587 1076 2098 572 62 574 2111 577 2626 581 582 1094 72 2119 1611 2125 1103 2640 1618 85 2134 2650 607 2150 2151 1640 2664 1645 628 630 119 1142 2169 1658 126 128 641 1154 2179 1159 1671 649 1674 2184 2698 143 1167 659 661 663 2201 2209 1188 166 167 2215 2726 1708 686 2736 179 2740 185 188 1727 704 1218 708 2244 714 2250 1229 1232 210 2774 1241 218 731 1754 221 736 228 2279 2282 235 749 751 2800 2801 1778 2293 759 1275 2303 256 2304 2817 2307 1796 2822 1801 1806 275 1811 277 283 1314 2852 1830 814 1841 2868 310 822 1849 2362 1862 2889 330 1354 1870 1872 1361 1367 344 856 1881 2393 2912 2401 2406 1896 2925 880 369 370 1394 2934 375 887 1399 2937 1403 1406 2432 2945 1411 2949 393 906 2446 914 1940 2966 2967 409 411 928 1440 418 931 1955 2981 936 2473 2986 2988 429 2990 944 951 2490 3004 957 1469 3005 1473 1986 965 1481 1996 2509 462 1999 2514 2516 470 2006 985 477 481 1506 2531 1509 2024 2538 493 1006 2545 499 2548 1013 2550 504 1533 511
equal
1280 2435 1669 134 391 1416 2441 2565 2192 17 2960 915 1940 277 661 1174 2580 1689 154 2207 2720 1315 1060 1188 2596 2724 425 429 2478 2351 1587 438 1976 2429 1598 704 1473 1728 1984 2116 1223 1992 714 2251 2125 592 2258 1107 2900 1749 2006 2007 2264 89 474 477 222 2784 2151 2024 1130 2667 493 2031 752 1013 2677 2807 1016 2937 2682 2427 1533 1023
long
18 1054
pressed
18
name
18 2701 679
check
2818 259 2181 1928 267 1425 19 915 1685 406 1559 1940 1689 26 2709 2168 2838 30 1568 1953 2593 163 2976 179 2487 1338 1850 2491 2492 447 704 2497 2624 1223 1099 845 84 1493 472 477 1629 2653 482 1383 2407 492 1902 2926 115 2547 120
if
129 2818 259 2181 1928 267 1425 19 915 1685 1940 1559 2709 1689 26 155 2168 285 30 2838 2976 1953 2593 163 933 179 2487 1338 1850 2491 2492 447 704 2497 2624 1223 1099 84 1493 2646 472 477 1629 2653 482 2407 492 2926 2034 115 2547 245 120 2047
all
1031 1543 19 1556 2580 534 26 554 1580 1586 567 568 569 572 1084 2621 575 92 122 1660 1152 2704 146 1180 2721 1704 2740 2231 698 708 200 1226 1749 219 1253 2793 1773 766 267 268 1291 1296 789 2837 1305 1836 1331 822 1850 2364 320 321 324 1348 2373 337 1873 852 341 343 2401 2926 368 1393 2419 372 1404 380 893 2945 1924 2437 391 394 2444 1424 915 412 932 425 1465 960 1985 1991 974 2512 1490 2524 2525 1016 2557 1023
integers
512 2309 393 1680 2834 19 2324 663 1439 682 435 2489 2242 1477 71 2887 329 2123 2765 977 1361 723 730 735 2403 998 1384 1518 1779 1788 255
range
261 1672 2568 19 923 2332 1954 2082 1956 2983 1065 1705 2090 429 1709 2101 2744 2123 1359 1872 722 723 2003 2009 1502 352 2403 614 2412 750 2292 2676 2038
are
1604 933 2181 1383 2407 1325 2253 19 2646 1559 1850 155 1981 2302
covered
177 19 387 916
reported
20 2167
posts
20 2167
skyline
616 21
problem
1625 21
assign
2285 22
cookies
1929 22
circular
1056 1184 1090 2691 548 1252 2785 488 970 1451 2348 1650 2610 244 2963 23 2175
loop
23
call
24 1883 718 1679
function
1883 963 1187 2020 2467 1095 265 202 1137 2161 1428 24 731
custom
24 204 2222
context
24 2161
maximum
1024 2052 1030 2056 2057 1034 1547 529 1048 25 1049 1053 2077 545 547 1059 1574 40 1576 2088 2089 44 556 558 1581 2094 49 2096 2099 2100 1589 2606 2610 2612 1082 1596 1602 1603 1093 1605 2123 589 595 1619 1113 2138 91 604 2650 95 2655 97 2146 2147 2656 1127 1640 1642 2155 109 1646 1138 2677 118 1143 2169 2170 2687 1664 2688 642 131 2692 645 649 1674 139 651 2189 2191 1683 2708 1687 1179 2716 1693 1182 1695 1184 166 678 2218 686 687 177 178 1209 2238 196 1733 1736 714 2552 1742 210 723 1234 1747 726 215 1238 221 222 1760 2273 2786 1251 1765 2277 1767 2792 2285 2797 2287 1267 2805 1782 1271 1276 1280 770 774 2319 2320 2834 1811 2837 279 280 1815 282 795 1816 2337 290 293 806 1319 1833 1835 301 306 819 1843 1334 2359 2872 2873 826 316 830 2368 2374 1865 842 1354 1356 2377 1358 2380 2385 2389 2902 1367 2904 1373 863 356 2405 362 363 1899 1390 1903 880 2933 1910 375 1911 1918 2431 1921 1412 1925 2437 2440 906 1934 2447 913 402 1938 916 409 2464 1956 1957 2980 2986 939 2475 2989 942 1966 945 949 1973 951 2997 1977 2490 2499 1476 965 2501 2506 972 1484 1997 2511 2004 2005 2519 1496 2523 2526 2015 994 1513 1002 2537 1004 2029 1006 1519 1008 2538 2545 2548 502 504 2042 1022 511
xor
1026 391 2183 1292 2962 1811 25 547 2096 2873 75 1872 2512 212 852 2264 1889 104 1130 109 1390 2797 1393 1777
two
516 2057 525 2066 2068 1557 25 28 43 1580 2607 2096 2116 71 588 1612 591 90 2654 2143 609 1124 1637 1130 2154 1157 1669 2181 2184 650 1674 1680 154 155 1182 165 1705 173 2226 2741 184 2234 2235 2746 1727 205 1759 1760 2275 740 1767 2281 754 2808 1275 1788 1287 2835 2838 1310 1311 1823 2336 1315 2349 828 831 1863 2898 854 1878 1880 1882 1383 379 2939 384 2436 908 2449 2962 918 2461 416 929 1450 1965 943 1455 1990 977 2513 1496 1002 492 495 2031 2034 499 2040 1017
numbers
1922 2821 1672 778 271 2833 2066 150 407 2967 25 154 26 922 2201 1694 2720 2597 1065 1705 555 1325 1839 2736 1717 184 2744 1213 2623 833 1604 1861 1990 202 462 337 1364 470 346 987 2267 349 2018 2660 230 614 2407 2793 508 1773 2804 630 2296 2681 636 1022
an
2049 514 2574 25 1562 2622 2624 2631 76 79 1109 2147 2148 1141 1664 1154 134 1165 2704 2714 2719 163 168 1192 685 690 2739 2744 2236 1219 196 216 728 1760 1773 1269 768 2820 773 2313 2827 1292 1293 271 1811 1301 1304 2858 301 2865 313 2361 321 322 2904 1881 2914 868 2406 372 2439 403 2451 417 1954 1955 1963 2493 1486 2004 1495 473 2524 2531 2537 492 1005
every
1342 26 246
row
2435 996 2276 1255 1543 2636 2669 2094 2514 2260 2900 26 348 861 1983
column
2433 2303 1543 107 2514 2900 3007 26 348 861 1983
contains
1217 1190 1417 267 2073 26
invalid
1563 2362 27 334
transactions
1986 327 951 858 27 2327 253 2559
magnetic
28
force
28
between
2951 2057 1803 2575 406 28 1310 416 1957 1703 939 1708 2478 2863 2741 2230 828 322 2372 967 2759 1098 1612 1868 1358 591 348 2656 2536 1513 1774 2031 2418 379
balls
993 876 495 341 28 862 2015
sort
1536 1538 2821 520 140 1178 538 29 1185 549 677 179 2109 1477 2502 2888 204 79 2767 2897 339 216 744 874 1003 2802 1779 2549 247 1277
diagonally
29
word
1153 2947 1273 1167 1682 1044 278 2838 2457 2587 2205 30 1445 2725 2220 302 2994 1460 2485 2487 1081 572 61 2748 447 69 454 331 978 727 2526 479 480 608 2019 1894 1648 754 2678 503 505
occurs
2188 1029 30
as
2152 2665 650 331 1201 851 918 313 1051 30
prefix
1666 1731 104 2699 2286 2449 115 1907 2325 278 30 2484 1207 2611 1340 638 1399
any
2368 1034 1903 2327 30
sentence
1056 1281 2818 1476 2789 2407 336 2000 2160 2163 182 2616 93 30
k
513 2052 1559 31 32 2598 558 2097 2626 2633 1610 1103 1105 602 1122 621 1645 112 119 2169 1657 2681 131 2698 1165 1174 663 1687 2201 1694 1188 2724 1199 692 1206 183 185 1221 2764 2765 1233 210 2258 1238 2264 1754 222 2274 2282 1260 749 1774 2798 2813 261 775 777 267 780 2317 787 2841 1826 803 1844 309 310 823 1850 2874 318 2879 1862 2374 2375 2889 1354 1356 1882 880 370 2421 380 393 398 411 928 2983 938 2989 2486 1474 1992 1488 2018 487 493
closest
2434 1930 1933 157 31 1065 173 46 564 318 966 1096 585 77 1746 1366 2396 733 2542 496 1137
points
1152 2437 2056 31 416 2084 1957 678 2988 1204 310 2871 1593 2364 2904 96 611 2275 1899 2545 383
origin
1531 1173 31
shortest
513 2561 1923 1802 1044 1556 926 2719 32 1829 2348 302 2734 561 2994 2870 567 2232 577 1217 324 454 711 2889 1232 1755 1245 1763 100 1645 1262 751 2801 251
path
1667 1923 1414 1655 1671 2311 1802 784 913 1556 2709 1814 1944 285 2589 32 2211 1832 681 1833 1453 687 2741 567 1719 1852 3004 577 194 581 585 2381 2254 1232 209 1367 472 2012 477 221 1629 1763 2404 2801 375 506 2047
hops
32
design
386 389 1286 1288 2187 2963 2964 2965 662 2839 544 33 2850 2467 1318 2858 1963 2219 2347 2737 821 1975 2620 445 1215 577 2113 1609 1100 333 466 2654 607 2785 2413 1523 2931 760 2943
sql
33
combination
34 944 1171 2911 1656 2751
height
35 198 139 175 1905 1683 1110
trees
288 35 1924 453 1637 648 1580 657 2133 541
2
36 590 2111
keys
36 2566 2518 567 1080
keyboard
1080 2755 36 2276
paint
900 37 818 1019 1692
house
1345 900 197 37 424 2127 1371 1019
construct
195 2244 38 2952 203 1038 2479 2577 980 725 1206 1398 2228 2774 2045
longest
1029 1544 1041 1564 38 2598 2603 1077 54 57 58 572 65 2629 1101 1112 1117 1123 106 110 1145 637 646 1671 2184 2188 2191 1682 661 2199 2203 2207 674 1194 2732 2235 2750 1727 1731 1230 2258 2282 1272 1274 1279 2828 783 784 2325 1814 1307 1316 2855 1332 1340 2880 838 2381 1873 344 1880 2908 2404 1893 1896 1396 2947 906 2443 1935 1945 411 2465 421 2984 1962 2484 1978 1492 1005 2553
new
38 2472 757 1498 3007
split
2694 2313 2061 2834 2453 2966 2470 39 2471 2345 1965 1967 560 562 691 1333 1338 1357 80 2768 1874 2130 2390 2024 2800 244 1143 2554
profitable
40 504 450 2254
triplets
1825 773 2885 1031 40 1864 1130 528 2356 2198 504 921
increasing
1920 2443 784 2067 409 2337 2466 1830 40 2984 1710 2750 1216 1986 2888 1230 596 2005 2136 2909 224 2272 1768 1513 1516 238 494 2415 504
prices
40 2516 504 793 222
min
1152 41 1346 433
stack
2944 1154 2180 41 1646 1790 607
statistics
42 2366
from
2052 1038 1551 2577 2072 42 1071 2612 569 2123 1619 2648 97 610 1122 1136 2165 1146 2684 1662 1663 2178 137 1169 1173 1179 1696 678 1705 685 690 2228 1210 1723 1212 2234 702 195 1225 723 725 2783 741 1276 261 1295 272 1811 1819 293 2342 298 300 1836 2860 2862 324 844 2385 1362 851 2898 1880 1384 1899 1398 1910 378 2436 2437 2952 2961 442 3002 472 2023 1017 2557
large
1248 2145 2210 132 42
sample
42
non-overlapping
2273 1157 1127 1767 43 364 556 2126 2096 1138 2486
sub-arrays
2250 43 1174
each
1925 2310 264 1544 2824 2197 664 2081 1956 1831 43 559 304 1328 1840 1919 1337 1339 1086 2238 832 2369 2636 341 1239 2016 1122 996 361 2924 2797 2418 757 2294 1787 636 1278 1791
target
2304 1161 1036 921 2079 418 1829 2726 2215 1577 1706 43 556 1836 2348 2732 1970 950 2230 1592 56 959 202 77 2134 2774 2394 1137 2674 2164 1147 1533
minimize
1542 396 1934 2063 2319 1812 296 44 948 2230 56 315 2747 2511 2001 2517 1496 90 1889 1643 1651 2040
difference
1028 2057 2828 2074 283 160 44 1708 2349 690 2230 322 452 2117 2630 2759 2505 1483 1358 1363 1747 1238 348 2656 1633 738 2402 1509 1513 746 1774 370 500 1013 1911 2040 2298
pairs
134 1158 2057 2699 397 1559 920 1176 2071 1435 2588 2079 289 1826 2981 2215 1321 44 2609 310 1207 1336 185 1722 1979 2359 1469 1725 2619 2879 583 2631 715 1997 1486 1872 1107 2900 2261 601 1756 1886 747 877 1393 370 1013 1269 633 1146 1533
sliding
1937 45 774 1479
window
2881 774 1098 45 1168
median
749 45 1551 144 2260 2461
next
2176 1409 2369 743 172 2924 78 46 399 1010 2777
coin
2190 47
change
1408 897 1059 294 2055 1549 2190 47 2355 1012
implement
2944 2243 1131 431 48 2352
trie
48 431
(prefix
48 431
tree)
48 431
star
49 2186
graph
514 388 2186 1421 654 285 422 810 1535 2603 2734 687 49 1084 577 194 582 2503 1355 2895 485 1269 2047
mean
50
removing
1931 2893 2448 2385 50 1619 1276 2612 1212 1471
some
50 1548
elements
516 261 2053 1416 779 780 408 666 2714 1949 290 166 2342 425 1450 427 1580 1708 2865 50 308 2230 2937 828 318 1598 1989 1996 205 2125 2893 1233 856 1753 1627 2524 2270 1760 2144 2536 1513 746 2667 2925 1394 1651 1016 2169 2301 1023
perfect
2032 1891 51 1388
square
226 1410 1220 554 714 1195 1005 2507 2513 51 2459 150 503 154 59 1276 699 2779
characters
1408 1671 2184 1679 915 2580 789 1178 2075 1691 2590 2721 812 2990 52 2490 2875 1727 959 707 2373 2629 2119 2247 1739 2251 1749 91 2401 2917 2279 2282 2031 631
bold
1561 53
words
787 2838 1946 544 1312 1440 163 2341 806 552 2218 2474 2480 53 822 2235 2875 2625 1868 336 93 2143 865 1378 356 2663 361 745 2806 1399 1017
line
2561 611 292 805 2679 1928 2195 54 2486
consecutive
2178 133 1401 2700 2702 789 2714 1693 1694 2974 421 2597 555 691 54 823 951 2743 2624 833 1986 2247 2887 329 2387 470 1375 1384 1514 1260 499 502 1657
one
1408 259 2179 148 410 2715 1440 2209 1701 1832 686 436 54 1719 1223 842 1492 2388 2136 1883 736 2912 998 1255 2028 2669 113 1274 2428 2303
object
2884 2713 1715 2547 55 2297 2234 2555 732
immutable
2568 1789 1709 55
rounding
56
error
56
meet
56 2718
winning
57 1916
streak
57 1005
parentheses
2593 515 1629 1733 2085 2343 1800 2728 2346 1485 334 2418 1812 1271 121 58 125 1182
largest
2304 2049 1026 2050 388 1797 2817 2950 1801 398 1167 403 929 419 2471 944 2864 694 953 59 1083 1470 1218 1858 1987 325 2759 457 203 844 2636 2892 1103 848 2513 2002 471 2779 226 2278 1895 1897 1258 235 1772 2795 2031 243 629 1909 248
magic
2352 201 59 1471
sideway
60
jumps
1113 60 2614
length
1674 1931 268 396 398 781 783 2325 409 411 2732 2099 1716 2485 1850 315 2490 61 3002 319 2880 1729 1347 2633 714 1101 1103 210 1490 2389 983 2138 2655 481 1002 751 2548 2431
replace
2401 2663 1256 234 1996 1681 2865 2804 789 2517 2424 62
employee
674 2659 2310 553 2574 239 144 664 1339 62
id
165 62
unique
647 2457 539 2843 2335 288 2721 552 680 1704 1967 304 2872 953 2489 2490 62 2367 1473 580 453 199 2375 1869 462 2765 1626 2780 2144 1892 619 1901 630 1144 1273
identifier
62
food
1923 2707 1108 2943 2781 63
buckets
2478 63
feed
63
hamsters
63
wonderful
64
substrings
130 2565 2054 1931 2956 273 1555 148 152 1434 539 1660 2209 2721 167 936 2990 1967 2738 1972 64 1473 2370 2373 2119 72 331 1619 1620 119 2273 1127 1002 2418 2419 1013 2550 759 2168 1148 2429
repeating
65 1602 1893 2629 2282 789 152 1274 255
character
65 1122 711 680 936 1274 1869 526 148 152 2072 410 1112 1946
replacement
65 2882 1837
active
2065 66 837 594
users
66 837 1644 2253 2108 1498 594 218 1980 1981
set
928 67 1861 584 169 1865 2283 1615 1823
mismatch
67
bad
1756 68
version
68 349
pushes
1081 69
type
356 69 264 1549 270 1806 754 1081 479
frequent
70 1129 1994 780 463 787 473 2942
prime
2240 1282 70 2215 1065 2509 1294 1615 1202 2712 2233
convert
898 142 782 1428 2460 423 2482 2104 2884 709 71 1610 2891 2639 857 1377 2531 1381 236 1139 2420 2039 2556
integer
2304 2817 2820 390 775 2950 1673 2830 417 300 2225 690 1973 313 2882 71 1109 1623 1628 2145 1382 112 2929 1522 2420 1141 2037 254 2806 1149 638
no-zero
71
fixed
72 481 1314 340
ratio
72 2447
transpose
73 899
file
2404 389 103 73 619 2187
special
1092 1029 74 479 2188 2125 2379 175 1649 2516 1045 1785 792 1753 666 3004 1693 735
positions
74 275 132 1565
queries
2307 2693 1926 2440 1813 408 282 1307 2332 2084 678 2223 2172 1214 1866 75 2396 1502 351 508 1777 1905 2298 2044
subarray
513 777 906 651 2189 398 2452 661 919 1815 411 2076 2207 803 2089 174 558 686 2097 2610 309 2870 2872 1605 838 1479 2889 842 75 459 972 2506 2642 1492 344 856 1880 220 95 352 2405 1645 110 1262 1903 1396 2548 118 1782 636 2431
defanging
76
ip
2376 266 1732 76
address
2376 76
mutated
77
into
516 2825 2956 2061 782 911 2702 2833 658 2960 277 2168 670 1055 1955 548 1450 1581 1327 1967 562 691 441 2378 80 1107 1143 2645 1881 2531 1509 1516 2798 881 2163 119 2040
three
1408 133 1298 277 1685 1686 2599 2091 1325 1712 1976 1217 1858 1859 2373 2119 2759 329 80 2128 1491 2388 1241 992 1124 499 1913 2682 1022
subarrays
128 2689 1030 268 1036 2061 2837 663 1441 1314 1315 1188 1955 2596 2851 168 556 1199 2099 1333 957 1982 2495 1862 1738 1227 1356 80 1233 210 1881 989 2013 2397 864 762 1767 232 2793 2920 237 238 493 624 749 1006 1138 1143 1018
remove
1665 2178 515 387 1542 1543 1800 1291 1421 1295 1810 1819 412 2592 2343 2860 685 2608 692 1210 1723 960 2124 334 81 2646 2136 2648 2525 2270 2657 741 2023 1134 2421 631 2684 1663
boxes
1480 298 495 81 658 441 1179 670
bricks
82
falling
1944 82 1852 1959
when
82 907 1467
hit
82 2347
strange
2339 2442 83
printer
2339 83
is
2818 1928 395 1425 1685 2709 2713 154 1311 2079 1313 1953 163 1956 179 1338 2491 2492 447 2624 2503 1099 84 1493 1238 2647 472 477 222 1629 2653 482 2154 621 115 245 246 2168 2681
majority
2452 1668 618 84
white
916 876 85
tiles
916 85
covering
261 85
carpets
85
describe
86
painting
1241 2995 86
illumination
87
houses
1090 1764 1326 1650 88 1275
at
513 1793 259 1539 775 1544 2184 1687 795 411 1823 928 2599 1832 1199 1719 1850 1470 1727 1861 2504 2889 88 2906 1506 228 1764 358 2282 1645 245 119 1530 2303
certain
88 2609 1764
distance
2561 901 1803 2575 2706 404 1044 926 1310 1829 939 2348 302 436 948 310 1588 2747 448 324 2372 454 711 2131 2519 88 228 485 1764 878 496 754 2164 501 1529 380 2558
i
2176 1028 2188 1041 2321 1940 1046 282 1434 2331 670 1825 1827 1955 423 2727 2089 1450 1067 2223 2998 1207 1081 2873 2877 1726 832 965 2246 2889 2122 587 460 2123 2004 88 2009 858 1242 1244 1757 1885 2013 2400 2908 2662 871 232 2920 1648 2033 504 382
json
89 2884
deep
89 1715 2607
product
1793 2820 2057 2068 1557 1022 154 547 931 679 2989 178 180 309 2101 1721 1977 1083 2236 1469 2240 588 1618 980 2391 90 989 1502 2526 1760 2018 871 1002 2548 1782 2934 2301 1278
arrays
516 2181 2436 2449 2962 2068 2040 2461 1310 2336 1315 165 1705 1450 2349 2234 828 2116 1989 2128 854 2006 1496 1880 90 2519 1759 869 1509 2022 1130 2027 366 376
removable
91
groups
132 911 1041 1177 409 2091 1581 316 1596 983 92 606 1250 1123 2275 108 2798 247 2425 122
farmland
122 92
rle
94
iterator
2113 2632 207 1847 94 158 2751
good
773 394 2061 2445 528 532 2853 1320 428 560 2809 825 1722 827 2883 1605 1099 2269 95 2399 482 1892 1253 230 2792 633 762
levels
96 954 426 2478
gain
96
more
96 128 905 2633 1582 499 2388 703
earnings
97
taxi
97
message
98 2130
mountain
1825 99 1540 420 1449 2198 637
lexicographically
2048 802 2083 100 1032 2697 2921 203 1949
beautiful
2308 2956 397 1555 1434 1441 802 1700 937 2999 1726 1086 2112 461 598 1244 1628 2398 1632 2403 100 491 2299
snakes
101
ladders
101
reshape
249 2867 489 102
duplicate
1190 103 1417 2922 1035 2476 2553 1134 1040 469 2073 2110 799
system
386 389 1318 103 1035 2187 1975 2737 1523 695 760 764 2943
original
104 492 2862 2961 1724
nesting
105 1733 1182 1271
balanced
800 743 106 234 2768 724 1497
substring
1029 2184 649 1674 1291 2188 783 1168 1816 1945 540 2719 675 1194 1837 179 1332 1077 822 442 1727 1602 2629 2760 1481 1101 975 1873 2389 1112 1893 2921 234 106 235 2282 2031 1777 629 1272 2553 1274
excel
2433 1954 107 445
sheet
2433 1954 107
strings
1669 1287 2315 526 532 533 660 1302 1940 2453 410 155 540 2333 1182 929 2722 2345 2730 2859 428 1965 1206 1976 1595 704 1217 2939 1223 331 715 2252 2768 1490 2003 1749 606 2784 353 609 1253 1383 2535 233 2281 108 492 2286 2799 2036 2427 1533
strong
1478 2605 109 2873 1433
pair
1347 939 620 109 429 2319 2827 2418 1587 2873 1529 2138
nice
1486 110 2289 1272 2397
prison
111
cells
320 1954 2558 1229 111 2005 2166 2810 1150
n
2976 1861 2214 167 1191 1068 111 1679 1490 758 2489 2170 1692 1342 2111
days
2245 1576 971 1068 1612 111 2742 951 2809 1402 2877 1118
divisible
2981 134 2630 777 2092 621 1325 2796 112 1233 2611 1686 1559 248 2879
by
1536 2689 2053 2310 777 1033 139 908 526 274 148 916 1558 1559 408 1686 410 1178 1812 1949 286 2336 1185 1315 165 549 550 806 1832 2981 2092 1325 304 177 2611 2453 2235 2875 2879 1984 1477 198 839 328 1737 2888 205 2897 1747 2131 1369 1116 1641 1258 1003 1772 621 112 113 1779 1014 247 2680 1276 1277
increment
113 580 2398 607
submatrices
554 113 2740 1754 1147
factorial
2601 114 1187 2685
trailing
120 913 114 2860
zeroes
1187 584 114 1426 1820
diameter
1360 116 2477
n-ary
672 1798 1998 116 2902 1175 2423 2239
random
2432 641 517 551 2126 2257 2417 628 117
flip
1280 648 1832 1290 299 1009 117 2909
frequency
480 1473 546 2657 166 1224 2888 875 526 463 1070 1646 2677 118 1178 411 2332 1661
partition
483 1915 1992 2537 2378 2956 653 206 592 2320 2416 277 438 119 1238 2040 123 2492
values
137 908 1165 2702 2837 542 928 2336 419 939 2117 844 1229 2767 1252 1012 502 119 2042
bitwise
2851 932 614 2151 2183 906 1006 944 1393 852 120 2427 382
or
513 650 269 661 1174 2200 1053 932 2724 1983 576 1728 840 2633 714 2889 2125 2258 2514 2388 222 2912 354 1006 499 1011 1651 120 1917
has
354 259 2543 120 1689
zeros
128 2116 967 2860 1040 913 2008 120 348
different
1241 2309 1671 1831 2666 2060 663 121 1275 127
add
2304 779 1423 1680 918 1561 544 2722 1571 2728 2225 184 1465 1089 2757 1990 1255 2669 2808 121
labels
123 844
escape
1248 241 124
ghosts
124
connecting
126
cities
626 2741 126 2575
cost
256 1152 137 649 2313 2317 2832 2580 2842 157 2848 1955 294 423 169 681 1197 433 1203 1719 2874 3004 1087 1855 2756 2635 1881 474 1377 2275 869 1133 880 2545 1778 2163 2941 126
running
1943 2170 127
total
869 901 1542 328 2310 2501 2698 2981 589 878 1389 2001 2706 501 2874 2812 1150 127
for
1280 258 2435 1806 2830 2320 657 664 2081 2979 1197 559 1328 2229 2492 1981 1086 2751 2877 2253 595 468 1112 605 1118 2274 2918 361 234 2281 1260 2797 243 1781 2939 1278 127
genders
127
ones
128 259 1820 1543 2887 554 1514 1260 2029 2094 2700 1844 2740 2008 348 1375
than
128 905 661 1174 2079 2724 1582 944 309 183 703 1604 1862 714 2125 2258 856 2008 1882 1754 222 2674 638
be
129 1419 1940 917 1047 2200 282 540 2593 2487 2617 2875 704 1603 468 994 1641 1262 1519 2287 2552
complete
130 2946 168 170 1482 748 1742 534 568
build
1154 131 197 1169 532 597 1527 1562 1406 1183
where
131 458 2718 1199 2672 1751 154 766
you
2849 131 356 458 1899 684 2285 2475 2572 881 690 595 1918 2483 502 1179 766
exactly
2169 1474 131
comparisons
131
odds
133
ransom
135
note
135
rectangle
1891 136 2393 2795 557 1135 1200 2095 2191 2173 183 2041 252 2045 2206
overlap
136 763
leaf
610 2660 1000 137 1933 1136 1722 922 2623
reduce
1958 138 1458 1109 2295 2428
size
1027 1187 1350 2119 392 1865 138 267 171 459 558 1258 2062 2384 2798 1174 1823
half
138
stacking
139
cuboids
139
vowels
2344 140 1873 1332 181 2389 1660 1663
super
1249 1541 1805 141 891
palindromes
2688 141
digits
2304 2820 902 775 1033 142 2961 2967 2736 1587 692 2360 2746 1089 2754 462 976 1105 728 2777 2401 1768 243 2421 630
k-length
1004 2990 143
subsequence
2692 646 2695 2443 2828 143 1935 1041 2067 1172 2203 1564 2590 545 1313 2723 932 2598 2984 812 2732 2991 952 2105 1978 3003 2750 2880 2881 330 1230 1103 1746 2258 2134 2908 1117 1123 872 617 1896 1004 1279
occurrences
199 1674 1291 2539 143 1743 721 915 1816
salary
2978 2574 144 1616 1695 853 281 765 1407
trusted
145
contacts
145
customer
325 208 145 1265 2327 1661
lonely
2733 337 146 2033 1180
nodes
2945 2178 2562 2437 1803 2445 1295 146 659 1042 1556 924 1180 1957 2214 808 810 173 814 1581 2351 689 2868 1465 698 1722 1979 3010 967 1482 1355 1870 983 2007 2396 736 1000 877 2288 2803 1269 380 2302
traffic
147 1372 2293
light
147
controlled
147
intersection
2022 2128 1759 147 1878 854 1823
that
2304 2817 1029 1031 1419 2188 1681 148 917 1303 282 674 291 1956 934 1064 2732 1325 2988 947 2360 2617 2875 2108 1981 2495 1217 962 1603 329 331 2253 1617 2901 1238 222 226 354 994 2279 2920 1130 1519 1266 2550 2552 1147 2302
differ
410 148
mode
149
search
1153 1666 2434 392 1678 2196 149 1941 158 1055 288 544 1580 1964 2482 1205 695 190 834 195 453 2639 467 596 2132 2515 857 2396 734 608 2019 873 2542 1523 1525 2300
visible
2056 2626 613 151
people
2502 1063 1575 1545 2552 171 395 2792 1586 535 151 2617 2331 1404 2142
queue
1155 2243 198 1288 1100 2963 151 1215
without
2629 2887 269 152 986 1693
anagram
153 2106 609 1287
determine
1537 933 1641 1195 2034 245 155 829
close
155
debounce
156
dessert
157
rotate
1095 1517 1422 2671 159
list
641 2178 395 1295 272 2836 2965 2968 1819 2078 159 1151 548 677 1701 2214 2470 172 685 305 1201 1847 1723 2241 455 1608 206 2639 2767 2257 979 2135 2648 857 2270 1119 2782 484 612 362 875 2539 622 1520 2288 2544 244 885 1654 2420 2549 1789 767
squared
160
shopping
161
offers
161
insert
162 548 1964 1102 979 2973 1055
delete
1035 2836 2075 924 2973 162 2214 808 2110 1352 1999 1875 2392 739 996 2281 885 886 2939
getrandom
162 2973
o(1)
162 2973
acronym
163
prefixes
321 164 572
given
1793 779 2828 2830 1679 795 2721 164 936 1577 171 173 1970 705 1861 1735 329 1481 461 1613 1999 1618 2389 1244 861 492 2416 1266 243 245 1399 1530 1403 1404 2557
join
165
representing
167
1
1477 167 360 425 1806
cooking
169
trips
2001 170 1644
group
2086 1566 1895 171 2315 2384 853 1014 215 2231 286
they
171
belong
171
greater
2176 1409 2724 743 638 172 2125 399 944 1010 1394 2674 1174 856 2746 2556 734
node
1547 2836 172 173 817 947 1723 1084 2237 702 2369 323 1096 585 1225 2257 2656 2664 2794 2924 885 246 886 2042
linked
2178 1295 2836 2965 918 2968 2078 548 1701 2214 1703 2470 172 685 305 1201 2241 455 1608 2639 2767 2257 979 1878 2135 2270 2782 362 875 1520 2288 2544 244 885 1654 2420 1789 767
reverse
785 1299 405 278 1149 920 2329 1690 2078 1312 675 426 2474 174 181 2242 983 229 745 2544 2418 2803 634 1789
maximize
2314 1163 2829 1936 1304 2841 2714 1051 2459 1565 804 1191 174 1594 3002 2493 1989 1606 1224 2764 2898 2651 2907 2020 2023 496 2289 1907 1534
confusing
176 850
rows
992 1280 1159 177 2163 469 602 2621
columns
1280 1352 525 177 1875 1748 1431 2392 1436
splitted
178
transformable
179
operations
2048 2049 1154 2688 1669 2695 1416 2441 2698 1037 1293 2829 1936 401 1940 2650 2708 792 2584 2905 2460 2333 671 1060 293 1958 1191 2724 425 2353 1330 179 948 1842 315 704 2242 965 1606 1989 968 1224 341 981 1109 1622 1016 2006 987 1627 1501 2134 2264 2268 2272 2398 2400 229 998 487 1381 2541 1390 1263 2645 2929 1651 2807 376 2427 892 1277 254 1023
sales
871 328 839 2856 180 1046 2391 2456 1849 1532
analysis
2017 2564 870 871 2246 2059 2941 1871 2321 180 1046 2391 2456 1818 1532 509 2686
iii
640 1409 900 2564 647 2696 1417 2953 1553 1171 2707 2456 2589 1312 1699 809 1066 302 180 1718 2616 1345 2628 326 1866 1875 2654 1375 2017 1257 2156 1261 373 250 2043 639
sorting
2394 2091 182 2815
max
643 2180 2827 2700 1421 2575 1557 1435 941 1199 1967 690 1587 183 2747 3005 1346 1375 611 1636 1509 616 1514 1906
no
416 2150 2822 1611 2990 2098 183 1849
larger
183
sums
352 705 1859 932 2630 777 746 2732 752 2774 185 861
cherry
186 2826
pickup
186 2826 2444
html
187
entity
187
parser
835 187 1380 2638
kids
188
candies
2374 1575 2375 1553 1778 1462 2998 536 1179 188 2014
gray
189
code
552 189
2d
2336 2082 2531 1799 2153 1709 782 1205 2972 190
merge
2336 929 191 1635 2049 1637 2469 967 1703 2535 2607 2832 2645 1783 921 2813 1758 831
overlapping
2206 1566 191
events
994 1157 1519 2034 191
same
1548 1297 402 659 406 2966 291 931 574 191 965 718 849 2514 2388 853 470 2646 2777 2650 354 1133 2925 495 2550
hall
191
interleaving
192
select
193 2395
data
544 193 1505 1348 456 1384 2665 2731 1549 1551 2654
similar
2137 194 715 376 1177 1951 1758 319
preorder
195 1798 1290 1662 1614 2577 2196 725 414
traversal
1794 1798 1290 2577 1175 1181 672 1317 683 2604 312 195 1860 1614 725 2652 355 1398 1662
hourglass
196
cards
225 197 1899 1710 2415 2387
reconstruction
2114 198
customers
1379 1830 200 1806 1552 1075 951 985 2335
who
1379 2599 200 1706 2543 1552 2327
bought
200 1552 917
products
2368 2694 200 1001 1552 1904 499 1014 1119
squares
1606 1959 2393 201 1738 1993 2032 2745 1753 2748 2013
calls
202 2581 591
sequence
3008 2114 2979 421 203 716 1547 1071 1264 562 2196 1653 472 1755
changing
690 205 2518
zigzag
1794 1453 2381 207 1939 308
richest
208 2165
wealth
208
iv
1062 1702 424 2025 2790 2854 399 1871 209 374 439 2911 955 1311
distinct
2184 2957 273 2333 2590 2209 1972 1717 1727 2240 2242 2117 2119 1738 2251 210 1363 859 603 2013 2148 495 2932 636
fix
211 679
names
619 211
table
1349 744 1452 1904 211 1012 1108 982 2680 2683
chalkboard
212
game
1537 2691 2564 2058 2059 2321 2451 2579 284 797 1948 1569 1186 1699 1444 1702 2472 2985 299 1579 2866 563 1459 1464 961 1346 1857 455 970 1739 2637 2510 1871 2814 2641 1235 212 342 855 345 1884 1631 227 2020 1126 2025 1009 1268 250 509 2430
happy
1962 1490 2484 213 1942
burst
214 2527
balloons
2146 214 2527
strength
1356 2812 215
gcd
216 1188
race
776 217
car
1968 217 1521 2216
e-mails
218
needed
1808 219 1573 2567
inform
219
employees
2949 903 1960 1066 1706 2602 2287 1339 1076 853 2586 219 1757 703
kth
2816 1026 2950 1159 403 2068 1430 2072 1185 817 1846 571 1599 1349 457 2256 220 2148 1897 882 758
gold
221
less
1862 714 2258 309 661 1754 1882 222 2079
biggest
1098 1859 223
single
1472 2885 2696 2221 2928 1783 223
paths
1796 647 781 655 2192 2843 2338 291 1836 1331 1716 1079 825 569 3005 1225 1617 2780 224 1504 1000 621
x
225 354 1958 358 2441 2125
kind
225
deck
225
rectangles
226 2408 2126 335 1840 2513 2588
form
2304 2529 226 2689 2436 1577 1130 779 1036 1617 2134 921
stone
961 227 964 1702 432 2866 563 1459 250 284 1631
vii
227 1444
city
256 2081 228 1863 616 1163 1392 2705 1331 2238
neighbors
2937 228 2646
threshold
2400 228 582 1735 714 2353 856 1174 344
hidden
1033 1802 231
sequences
1920 231 2026 1771 1516 859 1790
incremovable
232 1982
buddy
233
variance
235
moves
418 579 1508 2759 2120 1161 1610 2667 236 973 276 1844 950 2841 1209 1598
arithmetic
872 2828 237 1838 1071 1236 2356 1978
strictly
2466 1125 1830 238 1394 2005 2136
importance
589 239
palindrome
1032 1932 1166 1039 276 1813 1176 1560 1316 1061 2854 1965 561 1206 2233 442 314 1083 2235 3002 326 1734 1617 2645 2777 733 2782 481 742 1127 1261 240 374 1145
spreading
241
fire
241
method
2640 242 732
chaining
2640 242
reachable
1355 814 1493 245 246
edge
1926 422 2664 781 1716 246
reversals
246
so
246
items
2983 1354 2314 303 247 826 1758
respecting
247
dependencies
247
subset
705 290 1320 395 1742 592 2512 248
data:
249 2867 489
melt
249
supersequence
251
ships
252
per
930 546 253 317 2335
zero
1984 2912 2178 998 391 1958 2151 2891 944 2193 1458 1331 1366 2905 2489 2141 254 1023
distribute
516 2340 1575 1450 1008 1553 1462 2998 536 2014 255
reach
256 986 418 1474 2658 2521 2572 570 950 2614 1848 1113 698 2842 1599
discounts
256
factorization
257
best
258 1411 1157 2790 2822 620 2156 1489 914 1524 1111 2844
service
258
centre
258
segment
363 259
factor
1258 260 758
combinations
1900 1156 2643 260
lists
261 1703 943 918 1878 2813 831
even
1922 262 1418 2193 2834 2583 2967 1325 1332 1465 2371 1361 983 344 989 874 508 2942 767
multiple
1858 2022 262 1679 2774 2746
goat
263
latin
263
weather
264
country
264 1031
composition
265
cidr
266
codes
267
odd
2371 2279 426 874 268 1229 1418 2250 2744 2193 1938 694 2583 344 2074 767
aaa
269
bbb
269
triangle
2050 2278 935 2987 1454 270 693 1499 1115
searchable
271
unsorted
685 2870 271
create
1057 1250 963 2088 2234 272 1970 1783 378 574 3007
dataframe
272 2062
echo
273
get
1859 1923 645 2475 1179 2861 2062 1297 690 274 949 1558 567 1657 475 2429
watched
274
videos
274
your
274 2483
friends
995 2595 2150 2543 274 2137 1467 701
street
1650 1090 275 1550
required
275 1796 327
brightness
275
parts
2682 277 2470
units
2201 279
truck
279
fish
280
department
1452 2892 1491 664 281
highest
2978 708 2852 2983 712 2664 2861 1774 500 788 2868 281 1407
removal
746 1932 1905 570 282
processed
282
indices
928 2464 1028 2248 394 874 460 429 461 1742 1744 372 2394 283 1244
exists
2817 492 285 2047
swaps
800 1888 1920 2784 1572 775 1260 1599 1772 2231 2940 287
map
712 289
maze
1248 1696 291 2158 2644
lead
569 291 1331
room
1353 1930 291 1343
reflection
2171 292
performing
408 1330 293
multiplication
1507 1349 293 1447
final
1330 2516 294
expression
1570 835 294 2380 2426 1423 1812 1432 1370 668
pow(x,
295
n)
295
malware
296 1643
spread
296 2120 1643 2274
latest
297 1033 2384 2672 756 1438
login
297
2020
297
delivering
298
storage
760 298
ports
298
decrypt
353 300
alphabet
300 2311
mapping
300
matching
2787 2439 841 2986 303 2970 668
rule
303
subjects
304
taught
304
teacher
304
cycle
485 2603 2734 305 2135
population
306
year
328 985 306 927
water
2528 673 737 772 2534 2473 1707 1132 2478 2354 307 2675 1625 2618
bottles
2618 307
decrease
308
tag
2552 1561 311
validator
311
vertical
312 2652 2933 416
order
1794 525 672 1317 1710 1970 312 2105 2174 1860 2760 1613 1873 596 2772 2652 1379 2415 1661 2558
express
313 2217
powers
952 313 1685 1502
using
2944 2083 2243 1131 2767 754 1651 1172 2195 1887 2388 2777 315 382 479
getting
316
fresh
316
donuts
316
process
2208 2585 317 1887
machine
2858 317
deleting
2947 1492 319
ends
319
remoteness
320
digit
1473 322 2201 2436 1861 1511 2023 2729 1772 976 1361 1618 1747 1909 888 1689 923 2715
nearest
1696 354 323
right
2369 1122 323 713 1996 2924 1231 2458 538
buildings
2395 324 2406
placing
325
orders
1342 325 1806 1073 499 1108 2294 1049 1278 2335
money
1008 1638 327
before
1305 2926 2438 327
amount
2915 1607 328 2284 468 757
appear
331 1308
keypresses
332
text
1097 721 333
editor
333
area
416 2050 2249 1135 1200 335 1906 1971 2191 757 2513 2933 2041 2459 1276 2173
rearrange
2626 2053 2567 1868 336 1904 1907 959
investments
338
2016
338
wiggle
339 3003 2109
point
354 551 2126 1840 340 1493 1173 2844
move
1161 1900 1133 1711 1425 1426 341 2423
box
2661 2823 1161 341 2015
card
342
flipping
1301 342 1775
execution
343
suffix
1666 2699 1072 1207 1307 343
instructions
1057 571 343
staying
343
24
345
negative
1977 346 1973 2817
region
1914 347
compare
2162 349 526
double
2976 1201 1515 350
modular
350
exponentiation
350
npv
351
encrypt
353
y
2441 354 892
coordinate
1640 354 1026
divisor
355 2885 1735 2859 2358 1464
empty
2713 1842 2268 357
restore
1146 1732 359
bits
928 1477 360 1615 2386 405 1142 2583
puzzle
361 1937 2438 1838
twin
362
intervals
1635 387 2536 2665 2378 364 911 1439
repair
365
cars
2525 2988 365
squareful
366
fair
1929 2522 2261 367
candy
1251 2140 2483 367
swap
2179 2532 1223 1642 367 1616 948 1112 1979
quiet
368
students
1185 905 1737 2362 2426 368 1488 1530 2129 1942 2903 1240 1082
exams
368
patients
369
condition
369 1266
absolute
2402 452 1413 2404 1483 1708 2380 1903 2767 370 661 2298
hand
371 1524
straights
371
k-distant
372
course
1544 2312 1365 373 955
schedule
955 2312 1365 373 1659
partitioning
1061 742 1261 2833 374
probability
811 495 2927 375
cat
377 2811
mouse
377 2811
descriptions
378
differences
2458 379 1413 470
objects
379 2607
deepest
2945 2778 381
leaves
2213 1999 816 472 2778 1306 381
guess
840 1894 1011 382
questions
1841 382
reaching
383
buy
384 1411 1573 2790 2982 2156 1808 1489 914 1111 1855
chocolates
384 1043 860
missing
385 1505 2498 2949 542 456 2824 2959 2256 2929 440 669 638
underground
386
color
388 1829 1195 2925 402 693 2646 1951
directed
810 388 1084
roman
1522 390
segments
769 391 2898 2486 2008
unknown
392
append
393 812
minimal
393
whose
903 395 621 2681 2079
favorite
395 2483
companies
395
not
395 2255 1552 917 2901 2327 2200 2937
another
2497 2689 395 2414 1327 702
bank
1638 400 1427 2102 2809 764
account
400 1890 2102 807
summary
400 2936 2102
halve
401
subtree
2945 1797 2824 1129 2414 2351 1905 402 1373
distances
2766 2021 406
letters
2468 806 2182 1134 1299 406
lexicographical
2760 1490 2174 407
mark
408 460 1744
adjacent
960 1888 1123 2532 775 1671 1611 1260 2925 1041 631 1146 412 1599
duplicates
960 741 685 2704 2648 1210 1819 412 2973
repetitions
413
verify
2196 414
serialization
414
asterisks
415
widest
416 429
containing
416 2373 1840 1332 1946 2525
lucky
2296 417 2540
rotations
418 2435
local
1809 419
modify
2530 1436 422
weights
422
robber
424 1345 1371 2127
contaminated
427
4sum
2204 430
weight
964 1926 432 628 1151
climbing
433 2462
stairs
433 2462
square-free
434
subsets
2308 1992 2600 753 434 2678 1817 2716 2269
encrypted
435
edit
448 436
wrapper
437
spiral
2953 2955 1052 439
positive
2817 2830 2256 2834 2548 1973 1558 440 985
apple
441
redistribution
441
cuts
443 2933
divide
1955 1509 1694 1516 1581 2798 911 688 2960 1107 2360 1881 443 1788 1054
circle
2084 551 2735 1593 443 2206
diagonal
2594 2191 1202 2227 444
formula
445
movie
2737 446
rating
446 2943
substitutions
447
steps
449 609 1474 1287 1548 1166 1458 1687 2428
non-decreasing
576 449 815 2896 1880 2655
schemes
450
user
451 1590 2139 2877 1118
activities
451
within
451 2983 938 971 1484 2294 2429 2143
bounds
1314 451
winner
1537 2691 455 2637 2451 2454 667
drop
1541 456 1806 469 2111
stream
1384 457 2665 587 1963 1551 2901 1691
day
1925 839 458 718 2035 757 2710 2238 766 927
still
458
cross
962 458 1140 1828
earliest
460 1744 2672 2035 1467
second
2794 460 1744 1909 1848 1050 1407
report
1737 464 1203 1339 1404
contiguous
464 1078 2008
dates
464 1612
nested
465 1322 1847 1151
generator
465 2676 2601
phone
466 778 2643 1822
directory
466
validate
2376 1042 467 1790
infected
468
palindromic
1665 1125 1002 2060 1901 1969 1620 1077 2422 471 2203 1279
root
2660 2055 1000 1998 689 820 472 922 2623
following
473
key
473 890 2307 1740
flips
1728 1543 2891 2093 1072 1139 823 475
result
475 1812 2023
task
674 476 997
scheduler
476 997
there
2492 1629 477 2709
0's
477
1's
1850 1492 477 2231
decremental
478
typewriter
479
decompress
484
run-length
484
encoded
484 492
undirected
1269 514 485
lines
652 805 486 2871
write
892 486
maximal
1410 1956 487 557 879 2095
applying
1664 2048 487 2708 2333
seconds
488 2845
equalize
488 2657
pivot
2416 489 2037 1494
minesweeper
490
towers
491 1726
lcm
493
quadruplets
1092 494
having
989 495
person
496 2856 2365
deletions
680 937 2796 497 724 2997
k-special
497
frogs
498
croaking
498
years
499
salaries
1491 500 1438
traveled
2706 501 901
revert
1648 505
initial
1648 505 2930
state
1648 505 1647
safest
506
serialize
507 1374
deserialize
507 1374
bst
2816 2499 1797 1483 1803 1613 1297 2292 2069 886 1783 2390 507 2556 1311
play
2564 2059 1871 2321 509
solve
510
equation
2830 941 510 1527
k-subsequences
511
beauty
1664 804 2501 2916 1479 2419 511
powerful
512 730
least
513 1506 2303 2599 2217 2282 2889 1645 2765 1199 1719 1850 1470 1823
connected
2584 514 654
components
514 1736 748 1654 574
pick
517 2417 2387 628 1844
blacklist
517
interview
518
candidates
1362 518
occurrence
1440 519
colors
520 1241 1275 2801
reducing
521
dishes
521
watering
522 2938
plants
522 2938
3sum
1208 523 564 1510
multiplicity
523
restaurant
524 1108
growth
524
independently
874 525
sudoku
1069 527
rising
530 1132
temperature
530 709
symmetric
1456 531 1518
coordinates
531 813
scores
1387 2286 1774 533 599
built
533
rounds
2672 684 534
boats
535
save
535
throne
537
inheritance
537
shifts
2753 538 2711
wraparound
539
which
1339 595 540
rearranged
2496 540
contain
540 1974
factors
2240 2509 541 1750
repeated
2598 2633 2026 1228 2990 975 2736 1112 542 2431
cutting
1927 543
pizza
887 2941 543
structure
544 1348 2654
tweet
546
counts
546 1332 2279
features
549
popularity
549 1670
rank
550 1192 1193 2152 1387 879 2975
teams
1254 2960 550
votes
550
generate
3008 1252 2279 551 940 1485
morse
552
bonus
553 1045
equals
803 556 558 820 2838
cutoff
559
school
559
fibonacci
2880 3008 562 2681 794
v
2059 563 1948 2391
image
1301 763 565 2671
smoother
565
island
2210 2245 1323 1906 566
perimeter
2278 1801 1386 1323 566
source
569 1836
destination
2658 2705 1848 569 986 2842 2906
obstacle
1544 570
corner
2408 570
relative
1538 860 573
ranks
573
power
1189 590 1455 1298 1779 2265 575
subsequences
3002 1665 2787 1892 2666 2060 1901 2896 1969 1266 691 1594 1557 2932 1785 603 827 575
non-increasing
576 2105
calculator
577 2628 2948 1062 1385 2640 3001
single-threaded
578
cpu
578
capture
579
queen
579
effort
581
connectivity
582
satisfying
583
inequality
583
magical
586 909
pattern
2051 2725 1256 2633 2920 587 975 978 2139 1885 2495
infinite
587 732 2283
dot
588 1557
sparse
1507 588
vectors
588
roads
3004 589
reordered
590
persons
591
open
593 2354
lock
593
finding
1922 613 2609 594 2197 3000
minutes
594
weeks
595
sturdy
597
brick
597 2455
wall
597 2455
team
2822 1319 1350 599 1821
football
599
tournament
1368 2773 599
convex
600
polygon
600 1801 2993 2847
floored
601
weakest
602
third
604 2030
coins
1921 3010 2052 2340 2437 2442 2475 1164 2634 1781 1047 605
fruits
1781 2762 605 1687
special-equivalent
606
operation
1664 2921 842 1292 1294 2939 607
starting
936 610 1136
reorder
1297 1331 612 2731
mountains
613
exclusive
615
functions
2262 615
increase
616
keep
616 908 1421
constrained
617
making
2210 619
sightseeing
620
interval
1675 1102 622 1231 2222 2608 2744 2294 1239 2199
intersections
2277 622
logger
623
rate
1104 2861 1397 623
limiter
623
interesting
624
walking
1512 625
robot
2848 2083 1284 1512 1353 2735 625 1531
simulation
1512 625 1395 1335
expensive
626 917
bulb
627 1877
switcher
627 1877
mutating
629
almost-equal
631
high
632
five
632
evaluate
1570 1158 2857 634 2363
polish
634
notation
634
pruning
635
sequential
2754 638 895
parallel
2330 883 2262 639
courses
2330 883 639
ugly
640 1898 1805 2410
copy
641
pointer
2432 641
chunks
643 1636
poor
644
pigs
644
harmonious
646
equivalent
2181 1383 648 2697 1886
logical
650
grids
650
represented
1201 650 918
quad-trees
650
uncrossed
652
optimal
2508 653
degree
1050 1219 2238 654
trio
654
online
656 2452 1246
stock
1856 1411 2980 2790 2156 656 1489 914 1111 700
span
656
cut
1369 657 2635
off
657
golf
657
event
657 1834
put
2488 881 658 670
warehouse
658 670
sub-tree
659 2423
label
659
isomorphic
1595 660
continuous
1475 1230 783 661 2870 1018 2076 1501
diff
661
limit
993 2244 1094 2761 2130 661
leaderboard
662
primary
664
boomerang
665
evenly-spaced
666
predict
667
regular
668
ids
1994 669
uni-value
671
level
672 1794 1860 1317 945 1277
pour
673 2478
worked
674
existence
675 1716 781
its
2976 2817 675 785 2517
repeat
2244 676
insertion
1574 1613 677 1166
format
2039 679
frequencies
680
postorder
683 725 1398 1175
full
1924 2538 684 720 2035
have
2279 684 2034 915 766
played
684
deletion
686
quality
1640 2044 687
chocolate
688
possible
2557 1924 775 1296 689 851 2035 1338 2299 1341 2591
red
693
suggestions
695
big
696
countries
696 2849
simplified
697
fractions
697
vertices
698
matchsticks
699
price
1793 770 2690 2983 1358 1328 2001 2131 700
fluctuation
700
appropriate
701
ages
701
step-by-step
702
directions
702
earning
703
their
1161 1185 1469 703
managers
1506 703
made
704 2746 1940
celebrity
706
extra
707
divisions
708
selling
2690 710
pieces
2646 710 1711
wood
710
peak
2977 2081 712 1449 2046
side
713 714 1996
view
713 2406
stamping
2752 716
rotting
717
oranges
1068 717 719
apples
1991 2377 1386 719 881 1855
&
719
bloom
720 2035
choose
1705 2123 723 2651
divisibility
2770 726
break
2497 1734 1673 1460 727
separate
728 2163 876 1839
sqrt(x)
729
partial
731
placeholders
731
trapping
737 1707 772 2534
rain
737 1707 772 2534
earn
739 1204
bsts
740 1783
numerically
743
olympic
744
connectable
747
servers
934 747 1303 2141 1887
weighted
747 1796
network
1640 2584 747 907 1741 879 2328
query
2082 2568 1709 750 1911 2797 1846 1239 1021 1086
-
2082 872 2568 2154 1709 750 1679 2973 2654 1311
mutable
2082 750
encode
2239 1196 1020 751
k-subarray
752
fingers
754
hexspeak
755
catch
756
bus
832 2016 2372 2382 756 2365
painted
757 1983
only
2209 1299 759
1s
759
log
760 2731 925
counter
761 2347 2758
simple
764
categories
765
been
766
rooms
2566 1198 1718 1562 766
derangement
768
fill
1505 770 1243 1607
bag
993 770 2578
synonymous
771
sentences
1017 2218 771
top
780 1488 1712 787 1491 2357 3006
checking
1716 781
limited
1896 1716 781
1d
782 1943
alphabetical
783
enclaves
786
altitude
788
?'s
789
avoid
1392 789
promise
1337 1428 790 2761
pool
790
cyclically
791
rotating
2823 791
apply
2724 1669 1606 1224 1293 1936 1842 1791 793 2427 1342 1023
discount
2253 1778 2516 793 1981 1342
bounded
1030 2735 1658 795 1215
dota2
796
senate
796
alice
797 2718
bob
797 2718
playing
797
flower
1611 797
rotated
834 902 798 1525 2491 1950
emails
2110 799
k-beauty
801
garden
1386 804 2354
represent
805 1031
chart
2277 805
formed
2875 806
balance
1890 2085 1678 807
strobogrammatic
809 1597
visited
810 1451 2324 2327 2810
knight
1752 811 845
chessboard
811 1900 1195 1854
ambiguous
813
restrictions
814
left
1122 1634 2213 903 816 2458
fence
818 1114 1463
k-concatenation
819
children
2374 1008 1553 820 1462 2998 2907
memory
821 1807
allocator
821
bit
882 1139 998 823
naming
824
company
903 1866 2570 2223 824
spending
826
buying
826 860 1778
k-avoiding
829
achievable
1048 830
passengers
832 2016
ternary
835
islands
836 1776 2673 2322 990
week
2710 839
higher
840 1011
camelcase
841
genetic
2824 843 1911
mutation
843
tour
2290 845
configuration
845
dining
846
philosophers
846
distant
847
barcodes
847
plus
848 2028 1701
sign
848 2236 2053
far
851
land
1329 851
pairings
852
nim
2985 855
varying
856
monthly
858 2559
roll
1395 859
loss
860
sell
1411 2790 2156 1489 914 1111 862
diminishing-valued
862
colored
2646 1150 862
decreasing
1216 863
rearranging
2762 863
print
865 1762 2083 2193 2772 1789 991
vertically
865
couples
867
holding
867
hands
867 2951
verifying
868
alien
868
dictionary
2947 868 1577 2352 1682 2143
unequal
1864 1041 1123 869
market
2017 2246 870
slices
872 1236 887
black
1657 876 1085
hamming
1588 948 878
trip
880
highways
880
how
881 1604
many
881 1604
basket
881 1251
nth
2978 1511 909 882 1723
domino
2435 884 1886
tromino
884
tiling
2393 884
middle
1288 1608 1600 885
3n
887
ads
889
performance
889 2263 2894 1319
slowest
890
washing
891
machines
891
matches
2773 893
league
893 2366
music
894
playlists
894
destroy
895
targets
895
thousand
896
separator
896 2453
global
897 1809
rankings
897
base
898 1382 2923 1105 2399
-2
898
manager
903 2892 2413 2969 1404
town
904
judge
904
classes
905
5
905 1506 2611
becomes
907
idle
907
multiplying
908
found
2218 908
atoms
910
attendance
912 2727
record
912 2727
cornered
913
transaction
914 1925 2030
fee
914
carpet
916
item
917 1086
polynomials
918
ranges
1475 2036 919 2936 1566
triplet
2337 2147 2067 2004 921
return
1729 1531 924
forest
924 2334
crawler
1457 1283 925
folder
925
plane
926
comments
930 2124
post
930 2197
tuple
931
halves
933
alike
933
communicate
934
ending
936
cheapest
938
flights
938
stops
938 2763 2372
invoice
940
width
2523 1748 942
ramp
942
tile
946
possibilities
946
corresponding
947
clone
2432 947 1535
generated
949
processing
956
handshakes
962
don't
962
hello
963
world
963
divisors
966 2318 2289 979 1913
bound
969
losers
970
capacity
2538 971
ship
971
packages
971
d
971
min-product
972
complementary
973
jobs
1985 974
four
976 2265 2318
splitting
976 1835 2702
dynamic
2683 982
unpivoting
982
movement
984
robots
984 1484
revenue
985
this
985
takes
986
drowning
986
non-positive
987
campus
988 1780
bikes
2409 988 1780
closed
990
display
992 1108
attended
994 1980 1519
leetcodify
2137 995
recommendations
995 2869 1879
anti-palindrome
999
insufficient
1000
recyclable
1001
low
1001
fat
1001
elegance
1004
depth
1733 1613 1966 1007 2902 1271 1182
null
1025 1012
previous
2179 1012
sold
1014
date
1793 2676 1014 2039 2749
hours
2081 1015
training
1015
win
2898 2662 1015
competition
2904 1596 1015
uncommon
2719 1017 2908 1935
tinyurl
1020
batching
1021
spliced
1024
undefined
1025
n-repeated
1027
2n
1027
thrice
2188 1029
replacing
2116 1033 2509 2893 1469
obtained
2625 1641 1034
folders
1035
increments
1172 1036 2989
reinitialize
1037
collecting
1043 2437
calculate
1638 2534 2729 2284 1045 2294 2935 1787
added
1047
transfer
1048
requests
2543 1104 1303 1048 2585
quantity
1049
above
1049
follower
1050
profit
2786 2280 1843 1910 1051
salesman
1051
corridor
1054
through
1568 1057 2947
advantage
1058
shuffle
1058 2739 1270 1247
basic
2948 1385 2628 1062
aware
1063
secret
1586 1063
queens
1064
attack
1064
king
1064
project
1066 2586 2602 1757
friday
1067 1988
purchases
1067 1988 1830
eat
1240 2483 1068 2903
solver
1069
tracker
1193 1070
progression
1071
backlog
1073
boomerangs
1074
rich
1088 1075
deductions
1076
out
1305 1124 1079
boundary
3011 2070 1079
4
1080
taking
1082
exam
1304 1082 1343
ancestors
1084
acyclic
1084
blocks
1657 1085 1183
connect
1152 2275 1087
sticks
2626 1087
loud
1088
k-th
1282 1091 2540 1490 1529 2174
symbol
1091
grammar
1091
69
1093
cache
1466 1786 1094
marked
1096 2464
justification
1097
visits
1098
it
1928 1338 1099 1956
recently
1100
used
2409 1100
friend
1104 2585 2543
i:
1104
overall
1104
acceptance
1104
0
1109 1806
checker
1433 1478 1110
erect
1114 1463
pascal's
1115 1454
classifying
1116
triangles
1116
lengths
1116 2526
ideal
2027 1117
activity
2877 1118
past
2877 1118
30
2877 1118
ordered
2147 1963 2004 1119
period
2388 1119
grand
1120
slam
1120
titles
1120
gap
1121 1267
take
1122 2165 1918
elimination
1232 1126
driver
1128
was
1128
passenger
1128
rand10()
1131
rand7()
1131
swim
1132
chips
1133
mysterious
1137
3
1138 1692
bridge
1140 1245
punishment
1141
email
1144 1704
addresses
1144 1732
same-end
1148
orderly
1155
bracket
1158
harshad
1160
location
1161
incompatibility
1162
powered
1163
arranging
1164
strongest
1165
sender
1167
cousins
1170 2383
cyclic
2753 1172
furthest
1275 2572 1173
inorder
2577 2069 1181 1398
darts
1184
inside
1184 1593 2084 2513
dartboard
1184
jump
1569 1186 1699 1444 2371 2025 2510 1713 2775 1948 2814
viii
1186 1459
preimage
1187
heroes
1921 1189
transform
1192 2975 1854 1791
sequentially
1193
ordinal
1193
semi-repetitive
1194
tickets
2560 1573 1197 1808 2425
meeting
2504 1198 2287 1718 2844
appears
2926 1199
fuel
1203
capital
2840 2890 1203
smaller
1208 1394 2267 1604
surrounded
1211
regions
1369 1211
stars
1212
self
1721 2267 1213 2350
dividing
1213
blocking
1215
submatrix
1218
rearrangements
1218
semi-palindromes
1221
jewels
1222
stones
1222 1542 2120 2832 2385 2514 2743 2974
restricted
1225 2585
kill
2208 1226
monsters
1226 2077
zero-filled
1227
match
2886 2920 1290 1228 1837 1885 2495
obstacles
1232
accepted
1234 1362
invitations
1234
coloring
2546 1235
election
1237 1246
results
1237
such
1238
include
1239
unable
1240 2903
lunch
1240 2903
article
1242 1443
views
1242 1443
flood
1392 1243
pow
1249
assignment
1250 2927
tastiness
1251
component
1258
removed
2514 1262
tested
1263
devices
1263
test
1263
fancy
1264 2075
referee
1265
satisfy
1408 1266
zuma
1268
unreachable
1269
abbreviation
1273 2457 2291
fences
1276
field
1276
recent
2581 1278
screen
1281 1476
fitting
1281
fraction
2224 1761 1282
web
1457 1283
multithreaded
1554 1283
collisions
1284 1853 2847
viewers
1285
turned
1285
streamers
1285
bitset
1286
front
1288
back
1288
trending
1289
hashtags
1289
subtraction
1761 1294
routes
1296 1331 2382
peaks
1300
multiply
1302
handled
1303
confusion
1304
moment
1305 1467
ants
1305
fall
1305 1751
plank
1305
twice
1308 1470
anagrams
1424 2448 1309 2086
input
2154 1311
reversing
1315
chunked
1316
decomposition
1316
parking
1318
excellent
1321
flatten
1799 1322 1520 1847 2968
deeply
1322
ad-free
1324
transforms
1327
product's
1328 1824
store
1328 2368 1908 1919
fertile
1329
pyramids
1329
variable
1330
squirrel
1335
successful
1336
spells
1336
potions
1336
delay
1337 1741
resolution
1337
bipartition
1341
compression
1344 2992
o`one
1348
rope
2072 1351
colorful
1351
cleaner
1353
subdivided
1355
disjoint
2665 2378 1356
interviews
1362
k-mirror
1364
winners
1368
slashes
1369
parsing
1370
boolean
2857 1370 1570
human
1372
stadium
1372
parenthesis
1376 2668
expressive
1378
never
1379
mini
1380
complement
2064 1382
10
1382
whether
1641 1383
almost
2872 1383
collect
1921 2915 1991 1386 2634 1627
enough
1386 2302
appeal
1389
h-index
1461 1391
dice
1395 2726
turbulent
1396
confirmation
2108 1397
counting
2386 1399
great
1400 3009 2302 2520
available
1401 2918
seats
1401 2411
spent
1402 2310
together
1402 2231
numeric
1403
bomb
1405 1630
enemy
1603 1405
conditions
1408 2531 1406
cooldown
1411
detonate
1412
bombs
1412
teemo
1415
attacking
1415
reduction
1416
artifacts
1419
extracted
1419
cinema
1420
seat
2969 1420 1508 2927
allocation
2602 1420
edges
1465 2651 1500 1421
fully
1421
traversable
1421
operators
2217 1423
legal
1425
laser
1427
beams
1427
callback
1428
based
1908 2130 2792 1428
correct
1429
rename
1431
parse
1432
lisp
1432
password
1433 1478
k-sum
1435 2622
brace
1867 1437
expansion
1867 1437
walls
1442 2995
gates
1442
ladder
2587 1445
say
1446
complex
1447
xor-beauty
1448
sector
1451
track
1451
reformat
2563 1452 2749 1822
labelled
1453
among
1553 2998 1462
degrees
1465
lfu
1466
everyone
1467 1508
become
1467
memoize
1546 1468
minimizing
1469
others
1470
beans
1471
start
1475
end
1475 1723 2550
font
1476
fit
1476 2365
building
1480 2572 1683 2551 2718
hash
1481
budget
1484 2429
reward
1488
k-or
1495
daily
1498 2846 2450
critical
2328 1500 1957
pseudo-critical
1500
spanning
1500
pass
2447 1503
pillow
1503
pseudo-palindromic
1504
direct
1506
reports
1506
reversal
1515
fleet
1968 1521
autocomplete
1523
poker
1524
permutations
2121 2379 2979 1526
patching
1528
doing
1530
homework
1530
happiness
2907 1534
parity
1536 2897 1772
bowling
1537
decoded
1539
egg
1541 2111
teach
1545
stay
1548
brightest
1550
b
1552 1728
but
1552 2327
c
1552 1728
fizz
1554 2703
buzz
1554 2703
visiting
1556 2364
step
1558
ant
1562 3011
colony
1562
tweets
1563
eventual
1567
safe
1698 1567
states
1567
formation
1568
vacation
1576
adding
2625 1578 2066 1812
spaces
1578 1868
life
1579
appearing
1582
25%
1582
my
1827 2043 1583
calendar
1827 2043 1583
asteroid
1584
collision
1584
ipo
1585
erasure
1589
purchase
1890 1590
platform
1590 2839
snapshot
1591
lattice
1593
entering
1596
masking
1601
personal
1601
information
1601 2949
forts
1603
captured
1603
current
1604
cups
1607
tic-tac-toe
1609 1647
planting
1611
representation
2428 2175 1615
timeout
1621
cancellation
1675 1621
(atoi)
1623
dinner
1624
plate
1624
stacks
1624 2243
jug
1625
addition
2412 1761 1628 2038
defuse
1630
ix
1631
arrangement
1632 1700 2071
bottom
1634
leetcode
1638
rotation
1641 2852
remaining
1651
slanted
1652
ciphertext
1652
crossing
2350 1655
recolors
1657
sub-multisets
1658
difficulty
1659
job
1843 1659
recover
2515 1724 1662
percentage
1670 2152 2044 2011 1980
stepping
1672
multiples
1676
reconstruct
2769 2961 1677 1766
read
1679
read4
1679
will
1681 1751
chalk
1681
tallest
1684
billboard
1684
harvested
1687
prototype
1688 1851
foreach
1688

1692
floors
1693 2111
sets
2486 1694 2591
excluding
1695
exit
1696
entrance
1696
filling
1697
bookcase
1697
shelves
1697
cracking
1698
domains
1704
met
1706
constraint
1708
reveal
1710 2415
obtain
2905 1899 1711
wineries
1712
frog
1713 2845 2775
subdomain
1714
filter
2131 1715 2342
board
2613 1717 2311
semi-ordered
1720
except
1721
doubled
1725 2862
arguments
1729
passed
1729
vowel
1730 2370 2730 2003 2036
spellchecker
1730
uploaded
1731
k-divisible
1736
geography
1737
weak
1739
license
1740
formatting
1740
element-sum
1742
bigram
1743
additions
1745
remapping
1747
redistribute
1749
ball
2020 1751
dialer
1752
top-left
1754
impossible
1755 1917
rolls
1755 2726
foobar
1762
alternately
1762 2535
itinerary
1766
monotone
1768 2909
champagne
1769
tower
1769
01
1770
infection
1771
disappeared
1773
sub
1776
chunk
1784
lru
1786
influence
1787
salesperson
1787
over
1824 2120 1791
satisfiability
1792
equality
1792
equations
1792
stitching
1795
subgraph
1796
vector
1799
n-th
1804
tribonacci
1804
incremental
1807
leak
1807
inversions
1809
rearrangement
1813
univalue
1814
snaps
1818
sufficient
1821
worth
1824
invoices
1824
inverse
1826
taken
1828
door
1828
wear
1831
hats
1831
other
1831
disconnect
1832 2245
emitter
1834
verbal
1838
solving
1841 2426
brainpower
1841
scheduling
1843 1863
relocate
1845
marbles
2488 1845
trimmed
1846
sellers
1849
places
1850
away
1850
road
1853
smooth
1856
descent
1856
periods
1856
rhombus
1859
hopper
1866 2223
even-valued
1870
grandparent
1870
primes
1876
page
2869 1879
allow
1883
dungeon
1884
alphanumerical
1885
rounded
1890
length-3
1901
completeness
1902
key-value
1908
trading
1910
stocks
1910
provinces
1912
candidate
1916
books
1918
category
1919
member
1919
3-digit
1922
equilibrium
1926
ribbons
1927
straight
1928
distribution
1929 2675
conversion
1939
awesome
1945
utf-8
1947
validation
1947
swapping
2288 1949
rgb
1951
coprimes
1952
fascinating
1953
high-access
1960
bulls
1961
cows
1961
projection
1971
3d
2249 1971
shapes
2249 1971
virus
2274 1974
container
2473 1975
non
1977
contest
1980
eligible
2253 1981
completely
1983
subtracting
1984
amounts
1984 1986
averages
2097 1987 2957
throttle
1995
similarity
2000 2753 2616 2160
3-same-digit
2002
descendants
2007
longer
2008
friendly
2010
movies
2010 2255
streamed
2010
month
2010 2335
simplify
2012
passing
2020
dna
2026
pixel
2033 2733
conflict
2034
132
2051
piles
2052
homogenous
2054
health
2058
beat
2058
deviation
2063
businesses
2065
negabinary
2066
successor
2069
extract
2072
eliminate
2077
calling
2081
insertions
2085
push
2087
dominoes
2087
module
2090
p
2092
subtrees
2096 2476 2575
radius
2097
burgers
2098
waste
2098
ingredients
2098
semi-decreasing
2099
abbreviating
2101
senior
2103
citizens
2103
hexadecimal
2104
mappings
2106
followers
2107
actively
2108
request
2108 2141
messages
2108
eggs
2111
compressed
2113
diagonals
2117
invert
2118
champion
2122 2717
examinations
2129
restaurants
2131
vegan-friendly,
2131
leaf-similar
2133
chain
2138 2855
analyze
2139
website
2139
edits
2143
n-queens
2149 2582
mutual
2150
triples
2507 2151
compute
2152
detect
2633 2153 2745 2840
cycles
2153
compatibility
2155
faulty
2755 2157
sensor
2157
watch
2159
bind
2161
backspace
2162
gifts
2165
pile
2165
unguarded
2166
decomposable
2168
value-equal
2168
computers
2170
mirror
2171
subrectangle
2172
experiments
2177
shifting
2468 2182
neighboring
2183
toeplitz
2185
center
2186
in-memory
2187
ascending
2189 2407
costs
2192 2195
sleep
2194
train
2195
topic
2197
well-performing
2199
stickers
2205
spell
2205
speed
2212
arrive
2504 2906 2212
m
2384 2633 2742 2214
pooling
2216
hashset
2219
recurring
2224
decimal
2224
array-form
2225
traverse
2594 2227
penalty
2229
shop
2516 2229
chosen
2230
superstring
2232
concatenating
2689 2235
recorded
2238
k-big
2248
surface
2249
consistent
2252
boring
2255
redundant
2259 2494
connection
2259 2494
wise
2260
execute
2262
asynchronous
2262
diet
2263
plan
2263
android
2266
unlock
2266
patterns
2266
russian
2271
doll
2271
envelopes
2271
variants
2274
assigning
2280
ascii
2281
paid
2284
taxes
2284
invited
2287
knights
2290
generalized
2291
airport
2293
transformation
2996 2958 2295
compact
2297
trim
2300
non-zero
2301
leftmost
2303
up
2304 2489 2387
heaters
2306
shifted
2315
hire
2874 2317
workers
2874 2317
univalued
2323
koko
2326
eating
2326
bananas
2326
did
2901 2327
connections
2328
rabbits
2334
summing
2336
short
2341
encoding
2341
outermost
2343
concatenated
2480 2345 2490
exceed
2400 2353
taps
2354
lemonade
2355
travellers
2357
hills
2361
valleys
2361
division
2363 2508
minimized
2368
distributed
2368
populating
2369 2924
pointers
2369 2924
allocated
2374
flavors
2375
sharing
2839 2375
eaten
2377
alert
2388
key-card
2388
hour
2388
fewest
2393
gcd-sum
2405
ocean
2406
exchange
2411
authentication
2413
according
2416 2661
booking
2425
concert
2425
math
2426
title
2433 2878
toss
2442
delivery
2707 2444 2781
options
2444
lcp
2446
resultant
2448
temperatures
2450
university
2454
hole
2459
pyramid
2463
transition
2463
subpath
2465
cancellable
2467
21
2472
quad
2479
grumpy
2481
bookstore
2481
owner
2481
day?
2483
placed
2487
crossword
2487
bags
2488 2538
greatness
2493
monotonic
2500
gardens
2501
bipartite?
2503
skips
2504
totals
2512
question
2861 2517
marks
2517
partitions
2520 2853 2829 2999
marking
2524
illegal
2525
goods
2525
arrows
2527
pacific
2528
atlantic
2528
flow
2528
chemical
2529
bond
2529
lr
2532
reorganize
2533
identical
2536
rocks
2538
artist
2539
spotify
2539
ranking
2539
k-increasing
2541
ii:
2543
border
2546
instance
2547
class
2547 2894
begin
2550
h2o
2551
caught
2552
inversion
2555
recipes
2557
supplies
2557
status
2560
flight
2560 2571 2686
cameras
2569
salary:
2570
vs
2570
corporate
2571
bookings
2571
bursty
2573
behavior
2573
cumulative
2574
tokens
2578
interchangeable
2588
closing
2591
branches
2591
9
2592
unhappy
2595
actors
2599
directors
2599
cooperated
2599
k-free
2600
snail
2604
friendship
2605
neither
2606
nor
2606
battleships
2613
home
2614
rings
2615
rods
2615
seen
2617
twitter
2620
tilt
2627
non-divisible
2630
k-diff
2631
peeking
2632
stick
2635
tic
2637
tac
2637
toe
2637
goal
2638
interpretation
2638
doubly
2968 2639
baseball
2641
minimums
2642
turn
2645
both
2646
prefix-aligned
2647
texts
2649
x-matrix
2653
free
2659
categorize
2661
criteria
2661
gcds
2666
gas
2747 2670
station
2747 2670
players
2672 2986 2912 2960
compete
2672
optimize
2675
village
2675
tenth
2679
arrange
2680 2940
gender
2680
pivoting
2683
sub-folders
2684
filesystem
2684
clumsy
2685
occupancy
2686
waitlist
2686
ice
2687
cream
2687
bars
2687
handling
2693
update
2693
coprime
2694
space
2698 2783
wasted
2698 2783
resizing
2698
concatenate
2867 2701
profession
2701
descending
2702
immediate
2707 2781
perform
2711
arrangements
2712
modification
2714
bitwise-or
2716
rational
2720
widths
2723
files
2731
rental
2737
bouquets
2742
moving
2974 2743
until
2974 2743
equalindromic
2756
rungs
2757
refueling
2763
negations
2764
already
2767
2-row
2769
immutability
2771
helper
2771
armstrong
2776
1-bordered
2779
packaging
2783
deque
2785
operating
2786
centennial
2786
wheel
2786
mice
2788
cheese
2788
truncate
2789
destroying
2791
asteroids
2791
statements
2792
imbalance
2793
histogram
2795
k-similar
2799
replacements
2802
k-group
2803
non-coprime
2804
alloys
2805
promises
2808
rob
2809
wizards
2812
vi
2866 2814
pancake
2815
pangram
2818
curry
2819
subtract
2820
jumbled
2821
conflicts
2822
fruit
2825
baskets
2825
solution
2830
upside
2831
down
2831
deci-binary
2833
combine
2835
tables
2835
summation
2838
topmost
2841
t
2845
leads
2846
partners
2846
monkeys
2847
homecoming
2848
safely
2849
invest
2849
browser
2850
history
2850
ors
2851
atm
2858
answer
2861
plates
2863
candles
2863
cover
2871
freedom
2876
trail
2876
capitalize
2878
meals
2883
di
2952 2979 2886
non-negative
2929 2887
gain/loss
2890
soup
2899
servings
2899
accounts
2901 2919
archery
2904
selected
2907
scramble
2910
losses
2912
low-quality
2913
problems
2913
triangular
2914
garbage
2915
1-bit
2917
2-bit
2917
captures
2918
rook
2918
leetflex
2919
banned
2919
7
2923
a's
2926
b's
2926
airplane
2927
energy
2930
skiplist
2931
piece
2933
cake
2933
horizontal
2933
delayed
2935
arrival
2935
toppings
2941
queues
2944
inserter
2946
angle
2951
allocate
2954
mailboxes
2954
observations
2959
skill
2960
hashmap
2964
multilevel
2968
reservation
2969
wildcard
2970
additive
2971
shift
2972
allowed
2973
exist
2976
linear
2980
songs
2981
durations
2981
60
2981
pens
2982
pencils
2982
ranked
2983
trainers
2986
judgement
2987
intersect
2988
competitive
2991
triangulation
2993
completing
2994
mk
3000
broken
3001
percentile
3006
fraud
3006
